8.25
4.42
5.83
5.77
7.41
6.2
6.71
7.8
6.64
8.28
8.38
8.33
8.14
8.13
6.7
7.85
8.73
7.65
8.77
6
8.4
7.36
7.59
4.85
8.7
9.24
8.78
8.39
6.53
8.21
8.51
7.96
7.75
8.51
9.28
6.62
5.54
6.92
7.73
7.17
4.41
6.88
8.2
6.01
7.41
7.04
7.63
6.43
7.46
7.96
7.72
7.56
7.77
8.12
8.07
8.5
8.43
7.49
6.63
8.14
6.92
6.69
8.69
7.67
8.7
8.12
7.57
7.67
6.54
8.01
8.16
8.91
7.62
6.66
7.91
7.29
7.65
6.78
7.32
5.91
6.23
6.12
5.12
5.9
7.95
7.03
8.72
6.73
8.04
5.28
7.35
8.22
8.62
6.58
7.59
8.48
8.33
8.12
8.41
6.7
7.2
6.08
6
7.75
5.62
4.71
6.9
7.65
6.3
8.67
8.51
6.7
7.45
6.89
6.43
7.7
7.44
7.25
9.24
7.41
6.65
7.26
9.32
8.28
6.9
7.7
8.87
8.74
4.64
8.44
8.62
8.58
7.8
7.41
8.57
8.12
7.75
8.74
4.64
5.58
6.28
6.78
5.22
6.68
8.46
7.08
9.69
9.39
7.52
6.03
7.13
7.05
6.78
7.32
8.17
7.92
6.7
7.39
7.19
5.72
4.99
8.77
8.96
9.57
6.17
7.14
8.07
9.18
8.06
5.77
8.72
8.72
8.36
7.66
8.23
9.01
7.62
8.04
7.64
8.97
8.17
7.7
7.68
8.19
7.78
8.12
8.41
8.08
6.76
8.91
7.78
6.28
5.46
7.86
8.7
9.07
8.48
7.77
8.79
8.45
7.19
8.22
8.72
8.5
6.94
7.85
8.36
7.49
7.86
7.87
7.78
9.03
7.65
8.14
9.35
9.28
8.07
8.88
9.24
7.47
8.71
8.05
8.61
7.66
7.25
8.14
8.14
7.25
7.33
8.62
8.04
7.17
9.22
6.86
8.62
6.91
5.23
8.04
8.86
8.18
9
8.84
8.41
6.04
7.57
8.4
6.38
8.22
7.89
9.09
7.57
8.33
7.1
8.6
9.02
7.5
9.04
8.42
8.21
8.99
8.43
8.91
9.33
7.96
9.55
8.99
8.78
8.47
9.57
6.85
7.07
9.12
8.83
9.36
8.34
8.88
7.83
8.07
8.14
7.93
7.36
6.34
5.65
8.5
8.92
8.62
6.67
7.98
7.7
8.73
7.99
8.42
7.42
8.39
6.38
8.33
7.63
8.02
6.33
5.86
5.05
7.69
8.38
8.37
8.39
6.72
9.2
9.3
7.99
8.06
4.88
6.57
7.87
5.64
5.68
5.69
9.28
9.35
9.3
8.97
9.2
9.4
9.07
9.2
9.32
9.33
9.41
9.19
9.11
9.01
9.3
9.46
9.14
9.09
4.67
4.7
7.6
7.68
4.16
7.43
7.09
6.68
8.31
8.34
7.88
7.82
7.56
5.22
6.96
8.65
8.83
8.91
8.73
8.8
6.65
8.49
7.11
5.9
6.51
7.98
7.91
7.15
7.94
7.78
8.69
7.88
8.13
8.27
8.28
8.86
9.5
6.04
9.27
7.71
7.15
7.35
8.09
7.16
6.89
7.3
6.99
7.28
6.68
8.27
8.32
7.38
7.19
7.56
8.12
7.74
8.24
8.61
8.4
9.09
6.67
8.67
6.83
7.52
8.63
8.27
8.31
7.68
5.32
8.76
8.6
8.19
4.79
7.2
8.79
5.76
5.92
8.08
8.74
7.77
8.63
7.53
7.21
6.29
6.78
7.6
7.55
7.2
8.58
8.82
8.17
6.14
7.15
7.46
6.26
6.02
7.32
6.75
8.2
6.52
7.32
7.36
5.54
8.22
8
8.85
8.15
8.27
5.02
6.52
7.94
6.53
7.35
6.09
7.22
6.63
6.91
5.26
6.47
5.41
5.75
7.09
5.21
9.08
6.32
7.37
8.83
8.47
8.47
7.19
7.83
7.14
8.81
6.83
7.52
6.5
8.62
8.59
7.22
7.23
4.72
7.88
7.46
6.6
3.31
4.43
7.95
8.38
8.4
7.85
8.3
8.27
8.37
7.91
6.54
6.63
8.3
7.7
7.6
6.93
6.88
7.19
8.16
8.76
8.37
8.39
8.13
8.45
8.6
7.5
6.91
8.47
4.99
6.68
7.96
9.12
8.12
8.39
5.6
6.86
6.73
9.04
7.73
8.29
6.24
7.77
8.46
8.97
8.08
7.75
6.27
7.69
5.97
6.89
8.53
8.24
8.19
7.68
7.88
7.91
8.23
7.6
8.76
8.47
7.81
6.81
8.53
8.92
8.19
7.27
8.53
6.04
8.27
8.96
7.93
8.03
7.24
8.31
6.1
7.55
6.81
6.74
8.26
8.7
7.42
9.14
7.85
5.5
7.95
8.78
7.77
9.09
7.63
7.65
7.63
8.22
7.2
8.35
8.79
8.31
8.49
8.09
8.87
8.87
7.06
8.33
6.2
6.39
8.81
7.97
8.6
8.37
8.63
6.31
8.68
8.6
7.88
8.06
7.76
8.01
7.21
5.71
8.44
5.89
7.67
7.65
8.4
7.2
8.52
7.57
7.59
8.04
7.06
7.14
7.69
7.23
5.77
8.59
6.63
7.32
6.3
6.95
8.21
6.98
8.79
8.62
7.53
9.01
6.42
8.68
8.5
8.34
7.98
8.21
8.75
7.37
8.82
7.42
7.37
8.26
7.16
6.84
8.13
5.84
3.95
4.59
6.54
9.59
9.03
8.89
9.26
8.57
9.37
9.07
8.55
9.02
8.6
8.15
9.12
8.76
9.12
9.31
8.99
8.42
8.93
7.78
6.14
9.16
7
8.91
8.86
9.08
8.97
8.59
8.33
8.04
7.79
8.23
8.2
7.49
8.2
8.1
8.42
8.14
8.18
7.5
8.62
6.74
7.57
8.93
6.89
7.24
8.42
6.64
8.78
7.62
8.04
8.43
8.39
9.12
8.9
8.96
8.26
6.14
7.75
8.43
6.81
7.95
7.38
8.53
8.64
7.67
7.13
8.92
8.47
8.94
8.38
7.91
8.17
8.33
6.49
8.46
9.12
8.23
8.73
7.27
6.73
7.88
9.19
7.23
7.85
8.01
7.83
8.07
8.56
8.54
6.76
7.39
8.28
7.38
8.32
8.29
8.09
7.78
8.04
7.25
8.74
8.33
7.76
8.16
6.96
7.75
9.13
8.52
7.66
6.01
9.12
8.72
8.96
9.03
9.21
8.96
8.71
8.84
7.43
6.62
7.3
7.91
4.07
2.65
7.33
8.78
8.17
7.7
6.54
6.2
6.81
7.57
7.02
8.59
7.66
7.06
7.33
4.9
7.88
7.81
7.83
6.85
8.28
8.29
6.31
6.27
7.13
7.42
8.53
6.57
7.54
7.85
5.86
5.78
6.09
7.65
7.72
8.07
7.38
6.35
8
8.41
7.95
8.07
7.34
8.07
7
7.65
5.41
6.93
8.93
7.64
8.3
9.01
7.35
7.78
6.09
6.7
7.91
7.82
7.7
7.99
7.37
7.41
8.86
7.25
7.69
8.41
7.47
8.01
7.66
7.94
6.88
5.68
6.46
5.57
7.01
6.9
6.5
8.72
6.38
8.25
7.78
8.41
7.68
7.18
6.61
7.85
7.25
8.5
7.07
6.94
4.59
6.79
7.22
8.23
6.82
7.3
9.1
9.14
5.6
5.94
5.07
7.56
8.01
6.42
6.77
7.64
6.68
4.43
6.86
7.8
7.4
8.45
7.41
5.64
8.34
6.87
6.12
5.1
8.34
7.75
6.37
7.19
5.35
7.49
8.74
7.26
7.95
5.14
8.37
8.33
8.51
7.01
7.23
6.86
7.5
5.43
8.2
4.4
8.22
8.55
6.59
7.41
8.59
5.87
7.84
6.41
6.24
5.66
7.1
7.18
7.29
8.83
8.66
5.72
7.17
5.46
6.96
7.44
8.26
7.85
7.94
6.66
7.98
6.76
7.71
7.09
6.45
8.49
7.7
9.15
6.99
7.57
7.57
8.99
7.71
7.15
8.11
7.3
7.76
4.6
7.7
6.12
8.45
7.48
5.77
6.34
6.98
8.12
7.71
7.27
8.88
5.56
7.55
7.4
6.26
5.96
6.44
5.62
7.35
6.85
4.84
6.63
3.99
7.43
6.02
8.78
7.43
6.67
7.9
8.04
6.09
5.34
8.3
6.24
7.88
8.21
6.13
5.84
4.5
5.65
7.73
7.39
7.51
6.48
7.43
7.02
6.61
6.84
7.98
8.07
7.95
6.93
6.79
2.6
7.37
7.46
7.51
7.96
7.56
8.55
6.43
7.18
8.2
8.4
7.2
7.76
7.26
7.99
3.94
7.49
7.5
8.17
6.04
6.3
7.46
3.99
7.9
7.29
7.28
7.43
7.04
6.96
8.06
5.82
7.77
7.93
6.77
7.61
6.12
4.33
4.57
4.06
7.09
8.41
7.8
8.11
7.42
9.09
9.17
8.65
8.21
8.59
7.93
7.64
8.41
7.58
7.43
8.95
8.26
8.25
7.49
8.19
7.69
5.86
8.85
7.79
8.38
6.07
8.26
8.88
8.93
8.28
7.75
8.07
5.91
7.62
8.95
9.06
8.23
9.31
7.86
8.84
7.28
8.22
9.37
8.14
6.74
7.23
8.1
8.46
7.36
7.58
6.65
8.33
8.12
5.7
8.3
6.27
7.38
5.84
7.16
9.86
8.35
8.58
6.93
8.41
5.69
6.51
9.23
8.3
7.9
7.64
8.96
6.78
8.98
6.56
4.8
6.07
6.93
9.06
9.3
8.75
8.96
8.98
8.75
7.07
6.83
8.28
7.1
7.84
7.48
8.59
8.93
8.12
7.21
7.48
8.43
8.16
3.36
9.23
8.09
8.72
9
7.7
9.47
8.42
6.93
8.88
7.79
8.58
8.62
7.88
8.14
8.93
7.49
8.41
8.52
8.35
7.28
8.83
9.11
8.4
5.6
7.59
9.12
5.42
7.27
7.32
6.42
8.41
7.54
9.15
8.64
7.98
7.51
7.88
8.56
7.51
6.98
7.83
7.73
3.17
8.98
7.91
8.05
7.26
5.69
8.83
8.83
6.68
7.72
4.42
5.25
9.16
7.65
9
7.62
7.07
7.1
5.23
4.84
6.21
4.86
5.73
5.78
4.31
6.15
5.32
6.32
5.52
5.83
4.72
5.97
7.33
4.37
9.53
9.32
9.41
9.12
9.19
9.31
9.35
9.35
9.3
9.16
9.21
9.1
9.25
9.35
9.12
8.88
5.44
3.55
6.85
7.24
6.19
6.21
8.5
7.58
8.08
8.02
7.36
6.99
7.85
5.94
6.51
6.42
7.3
7.17
9.23
9.04
7.6
5.94
7.35
7.19
8.85
6.36
7.89
7.11
6.81
7.42
3.44
6.26
5.14
8.92
8.11
8.32
8.02
6.76
8.02
7.68
6.18
7.67
8.62
7.67
8.61
6.79
9.02
7.14
7.55
7.02
7.64
6.65
8.55
8.76
7.54
8.07
7.73
6.36
8.29
7.1
9.01
7.55
6.46
5.87
7.44
6.64
7.24
6.77
8.29
7.5
6.04
7.57
8.39
8.16
7.14
7.6
8.33
6.96
8.58
6.98
7.9
6.02
8.39
8.96
8.2
8.04
7.87
7.45
7.3
5.77
5.76
6.46
7.02
8.48
6.27
8.15
6.87
5.42
2.93
5.58
7.13
7.44
8.15
5.31
7.26
7.01
7.5
6.77
7.21
3.69
8.33
7.37
8.07
7.77
7.64
7.04
7.98
7.26
8.23
7.81
8.95
5.94
7.81
7.98
6.9
8.46
8.21
8.54
8.23
7.38
6.65
7.93
6.64
8.19
8.46
8.25
8.31
8.14
7.26
8.13
5.87
5.83
8.14
7.9
5.62
6.12
3.31
3.57
8.39
8.18
8.58
8.36
8.06
8.01
8.08
8.18
3.36
5.02
8.6
7.68
6.79
7.01
7.7
7.54
7.69
7.79
5.82
7.3
7.2
7.93
8.98
7.65
7.89
7.75
8.1
6.75
5.85
8.94
8.3
8.23
6.76
8.12
8.14
8.27
7.99
7.77
6.33
7.73
7.46
8.5
6.02
6.94
7.89
8.55
8.26
7.13
7.08
8.23
7.43
8.1
7.37
6.18
7.65
6.37
6.2
6.49
4.2
7.24
7.13
7.04
7.36
7.98
7.82
5.19
6.77
7.87
7.95
7.21
7.4
9.05
8.32
7.38
7.92
5.92
8.24
7.12
8.38
7.94
5.75
9.19
8.1
6.82
8.42
7.94
8.19
7.74
6.73
8.3
6.32
7.88
6.69
8.6
4.1
8.94
8.82
7
8.35
4.79
7.25
7.04
8.3
8.27
8.3
7.76
7.55
4.73
8.26
8.05
7.08
7.25
5.61
6.99
8.71
7.58
7.96
7.43
7.49
9.1
7.55
6.77
6.32
4.92
8.83
8.6
6.06
8.33
5.26
5.99
8.24
7.54
7.93
7.58
9.21
6.83
7.88
8.67
8.32
5.82
7.87
7.05
8.79
8.43
8.35
8.48
9.08
8.29
6.29
7.74
6.79
8.49
7.7
7.2
6.92
7.62
8.3
7.68
6.5
7.24
7.9
8.24
5.94
4.9
3.6
9.2
8.86
9.01
8.96
9.27
9.24
8.85
8.9
8.9
8.79
8.86
9.04
8.74
8.62
8.87
8.6
8.61
8.58
8.47
7.82
7.95
7.81
7.78
8.47
7.39
8.6
6.96
8.1
8.3
8.25
7.04
5.77
7.18
6.92
8.55
6.63
5.78
6.64
7.89
8.42
7.81
8.77
8.16
8.48
7.61
7.06
8.25
7.75
7.63
8.61
8.76
9.01
6.18
7.41
7.25
6.47
6.89
8.05
6.81
8.17
8.66
7.52
7.49
5.58
8.12
8.07
6.09
7.81
6.86
6.64
6.22
7.58
8.08
8.59
7.58
8.53
8.55
7.08
7.8
7.63
7.12
8.82
7.98
8.23
7.83
8.34
8.2
7.63
8.42
4.93
7.52
8.06
7.19
7.47
9.01
8.37
7.07
7.96
6.86
7.8
5.77
8.69
7.06
8.46
5.67
8.06
3.9
8.75
8.41
8.78
8.86
8.93
8.6
8.77
8.67
8.64
8.72
7.72
7.64
7.66
7.72
7.66
9.63
7.57
7.99
8.35
5.06
3.59
6.72
6.05
7.33
8.16
5.89
6.99
7.42
9.52
5.88
4.98
7.36
4.75
5.65
4.25
5.1
6.6
5.18
7.88
7.69
4.81
6.41
7.52
8.57
5.47
8.61
5.28
7.06
6
7.08
6.05
5.2
6.18
7.86
7.31
7.31
6.47
5.3
6.69
6.93
7.28
7.63
6.16
2.23
6.82
6.94
8.08
6.37
6.33
6.22
6.77
7.78
3.48
7.27
7.25
7.88
6.78
7.36
7.29
7.6
7.19
4.89
5.07
7.66
7.02
6.93
4.86
7.89
7.04
9.33
8.18
6.37
7.48
6.94
4.2
7.28
2.84
6.96
5.92
8.11
7.17
9.2
8.14
7.16
4.95
6.7
7.34
4.65
7.96
7.95
7.45
5.61
7.13
2.63
8.55
7.16
7.84
7.57
7.88
5.2
7.13
8.07
5.28
7.77
7.96
6.87
8.22
7.69
7.93
7.95
8.19
7.81
7.3
6.77
7.8
7.69
7.49
6.43
7.43
6.92
6.6
6.58
6.94
5.51
7.39
4.16
4.58
4.54
4.51
4.43
4.81
3.71
