1795 4
7.63506 213.782 0 0.526508 
1.54737 43.3265 1 0.464816 
0.697458 0.697458 0 -0.133864 3
-2.02605 -2.02605 0 -0.960612 0
-0.41041 -0.41041 0 1.3844 1
-0.641216 -0.641216 0 0.745133 1
0.512813 0.512813 0 1.05862 3
0.0512016 0.0512016 0 2.1251 2
-0.225765 -0.225765 0 0.105862 2
0.882103 0.882103 0 1.44894 3
-0.456571 -0.456571 0 -0.511894 2
0.651297 0.651297 0 -0.352076 3
0.928264 0.928264 0 0.354809 3
1.11291 1.11291 0 1.07706 3
0.835941 0.835941 0 0.563801 3
0.605136 0.605136 0 -0.183039 3
0.0973628 0.0973628 0 1.20307 2
0.420491 0.420491 0 -0.195332 3
1.11291 1.11291 0 0.216505 4
0.651297 0.651297 0 1.0033 3
1.11291 1.11291 0 0.13045 4
-1.65676 -1.65676 0 0.864996 2
1.02059 1.02059 0 0.619123 3
0.78978 0.78978 0 2.08821 3
0.328169 0.328169 0 0.0566878 3
-1.88757 -1.88757 0 -0.840749 0
0.835941 0.835941 0 -0.640977 4
1.38988 1.38988 0 0.0413207 4
1.02059 1.02059 0 -0.198406 4
0.835941 0.835941 0 0.0259537 3
-0.595055 -0.595055 0 -0.736253 2
0.420491 0.420491 0 -0.969833 3
1.06675 1.06675 0 0.53614 4
0.78978 0.78978 0 0.797381 3
-0.0411207 -0.0411207 0 -0.748547 3
0.78978 0.78978 0 -0.385884 4
1.43604 1.43604 0 0.108936 4
-0.133443 -0.133443 0 0.606829 2
-1.51828 -1.51828 0 -0.585656 1
-0.364249 -0.364249 0 -0.806942 2
0.37433 0.37433 0 -0.0908361 3
0.143524 0.143524 0 0.345589 3
-1.79524 -1.79524 0 -0.170745 0
0.189685 0.189685 0 1.12316 2
0.651297 0.651297 0 -0.179965 3
-0.548894 -0.548894 0 0.53614 2
0.328169 0.328169 0 0.443938 3
0.420491 0.420491 0 1.54729 3
0.558974 0.558974 0 0.738986 3
-0.318088 -0.318088 0 0.40091 2
0.328169 0.328169 0 0.336369 3
0.882103 0.882103 0 1.10472 3
0.512813 0.512813 0 0.39169 3
0.37433 0.37433 0 0.2749 3
0.328169 0.328169 0 -0.330562 3
0.558974 0.558974 0 -0.315195 3
0.558974 0.558974 0 -0.207626 3
0.835941 0.835941 0 -0.210699 4
0.697458 0.697458 0 -0.521114 3
0.0512016 0.0512016 0 -0.650198 3
0.143524 0.143524 0 1.50734 2
0.697458 0.697458 0 0.102789 3
-0.133443 -0.133443 0 -0.038588 2
0.0512016 0.0512016 0 1.07091 2
1.06675 1.06675 0 0.14889 4
0.143524 0.143524 0 -0.730106 3
1.25139 1.25139 0 0.742059 4
0.605136 0.605136 0 -0.161525 3
0.189685 0.189685 0 -0.361297 3
0.651297 0.651297 0 0.960272 3
-0.41041 -0.41041 0 -0.143084 2
0.743619 0.743619 0 0.53614 3
0.78978 0.78978 0 0.367103 3
1.02059 1.02059 0 -0.478086 4
-0.364249 -0.364249 0 0.0474676 3
-0.41041 -0.41041 0 -0.401251 2
0.282007 0.282007 0 -0.785428 3
0.328169 0.328169 0 0.702105 3
0.0512016 0.0512016 0 -0.99442 3
0.0973628 0.0973628 0 1.03096 2
0.328169 0.328169 0 0.637563 3
-0.825861 -0.825861 0 -0.170745 1
-0.872022 -0.872022 0 -1.01286 2
-0.318088 -0.318088 0 1.06784 2
-1.28747 -1.28747 0 -0.0078539 1
-1.14899 -1.14899 0 -1.04052 1
0.143524 0.143524 0 -0.932952 3
0.328169 0.328169 0 1.26147 3
1.06675 1.06675 0 0.0843485 4
-0.364249 -0.364249 0 -0.398178 2
0.928264 0.928264 0 1.08628 3
-2.30302 -2.30302 0 1.46738 1
-0.133443 -0.133443 0 -0.963686 3
0.78978 0.78978 0 0.238019 3
1.4822 1.4822 0 1.68252 4
-0.364249 -0.364249 0 -0.075469 2
0.37433 0.37433 0 0.210359 3
0.974425 0.974425 0 0.293341 3
1.29755 1.29755 0 1.69174 3
0.974425 0.974425 0 1.06784 3
0.882103 0.882103 0 0.136597 3
0.143524 0.143524 0 1.35674 2
0.0512016 0.0512016 0 -0.0262944 3
-0.687377 -0.687377 0 -0.075469 2
-1.37979 -1.37979 0 -0.0570285 2
0.466652 0.466652 0 0.173478 3
-0.964344 -0.964344 0 -0.0078539 1
-1.56444 -1.56444 0 -0.0478083 0
0.37433 0.37433 0 1.69482 2
0.512813 0.512813 0 0.542287 3
-0.318088 -0.318088 0 0.680591 2
1.02059 1.02059 0 0.0382473 4
1.25139 1.25139 0 1.15082 4
-3.08776 -3.08776 0 7.13476 2
0.512813 0.512813 0 0.972565 3
-0.0411207 -0.0411207 0 0.333295 2
-0.641216 -0.641216 0 -0.674785 2
0.328169 0.328169 0 -0.179965 3
0.743619 0.743619 0 1.76243 3
0.00504044 0.00504044 0 -0.287535 3
1.34371 1.34371 0 -0.11235 4
0.235846 0.235846 0 0.136597 3
-0.225765 -0.225765 0 0.234946 2
-0.179604 -0.179604 0 -0.923731 3
1.38988 1.38988 0 -0.13079 4
0.78978 0.78978 0 0.108936 3
-0.456571 -0.456571 0 -1.07126 2
0.235846 0.235846 0 -0.487307 3
1.06675 1.06675 0 -0.23836 4
0.928264 0.928264 0 -0.419691 4
-2.25686 -2.25686 0 -0.0631754 0
1.02059 1.02059 0 0.533067 3
1.02059 1.02059 0 0.145817 4
0.78978 0.78978 0 -0.536481 4
0.37433 0.37433 0 -0.241433 3
0.0512016 0.0512016 0 -0.478086 3
0.974425 0.974425 0 0.0997156 4
0.143524 0.143524 0 -0.567215 3
-0.133443 -0.133443 0 -0.441205 3
1.20523 1.20523 0 0.502333 4
-2.25686 -2.25686 0 -0.0631754 0
-1.24131 -1.24131 0 -0.843823 1
-0.318088 -0.318088 0 0.723619 2
-0.133443 -0.133443 0 0.262607 2
-1.93373 -1.93373 0 0.108936 1
0.189685 0.189685 0 1.55344 2
0.928264 0.928264 0 0.182698 3
0.512813 0.512813 0 1.76858 3
1.52836 1.52836 0 -0.465793 5
1.43604 1.43604 0 -0.127717 4
0.189685 0.189685 0 -0.253727 3
-0.502732 -0.502732 0 0.646783 2
0.512813 0.512813 0 1.66101 3
-0.0872819 -0.0872819 0 -0.164598 3
-0.0872819 -0.0872819 0 0.416277 2
0.420491 0.420491 0 0.944905 3
0.282007 0.282007 0 -0.920658 3
0.282007 0.282007 0 -0.806942 3
-0.318088 -0.318088 0 -0.179965 2
0.235846 0.235846 0 0.179624 3
0.235846 0.235846 0 0.609902 3
-0.918183 -0.918183 0 -0.0693222 1
-0.964344 -0.964344 0 1.34752 0
0.743619 0.743619 0 -1.09892 4
0.743619 0.743619 0 -0.757767 4
1.25139 1.25139 0 -1.12965 5
-0.687377 -0.687377 0 -0.269094 2
0.235846 0.235846 0 0.717472 3
0.512813 0.512813 0 -0.361297 3
1.43604 1.43604 0 0.324075 4
0.928264 0.928264 0 1.04325 3
-0.456571 -0.456571 0 1.35982 1
0.974425 0.974425 0 -0.222993 4
1.15907 1.15907 0 0.39169 4
0.743619 0.743619 0 -0.216846 3
0.0973628 0.0973628 0 -0.862263 3
0.974425 0.974425 0 0.831188 3
0.974425 0.974425 0 -0.846896 4
0.37433 0.37433 0 0.145817 3
0.512813 0.512813 0 -0.296755 3
0.466652 0.466652 0 0.41013 3
0.928264 0.928264 0 -0.914511 4
0.00504044 0.00504044 0 0.00136634 3
0.0973628 0.0973628 0 -0.948319 3
0.466652 0.466652 0 0.324075 3
0.558974 0.558974 0 -0.465793 3
0.466652 0.466652 0 0.108936 3
0.928264 0.928264 0 0.91417 3
1.06675 1.06675 0 0.751279 3
0.235846 0.235846 0 -0.960612 3
-0.318088 -0.318088 0 -0.309049 2
1.25139 1.25139 0 0.290267 4
0.697458 0.697458 0 0.877289 3
-0.595055 -0.595055 0 -0.198406 2
-0.872022 -0.872022 0 0.64371 1
0.743619 0.743619 0 0.858849 3
1.06675 1.06675 0 0.127376 4
0.928264 0.928264 0 -1.12965 4
0.282007 0.282007 0 -0.253727 3
0.328169 0.328169 0 -0.330562 3
0.928264 0.928264 0 -0.527261 4
1.02059 1.02059 0 0.511553 3
0.143524 0.143524 0 0.302561 3
0.605136 0.605136 0 -0.376664 3
0.78978 0.78978 0 -0.837676 4
0.605136 0.605136 0 -0.979053 4
-0.0872819 -0.0872819 0 0.0720549 2
0.512813 0.512813 0 0.112009 3
0.882103 0.882103 0 0.244166 3
0.143524 0.143524 0 -0.342856 3
0.651297 0.651297 0 0.551508 3
0.651297 0.651297 0 0.529994 3
0.420491 0.420491 0 -0.0447349 3
0.78978 0.78978 0 -0.76084 4
0.605136 0.605136 0 0.849629 3
0.697458 0.697458 0 0.102789 3
1.25139 1.25139 0 -0.656344 4
1.25139 1.25139 0 -0.505747 4
0.512813 0.512813 0 -0.361297 3
1.06675 1.06675 0 -0.259874 4
0.974425 0.974425 0 -0.923731 4
-0.271927 -0.271927 0 -0.582582 3
0.743619 0.743619 0 -0.969833 4
0.697458 0.697458 0 0.296414 3
0.928264 0.928264 0 -0.140011 4
0.743619 0.743619 0 1.28913 3
0.143524 0.143524 0 0.173478 3
0.558974 0.558974 0 -0.358223 3
0.466652 0.466652 0 -0.665565 3
0.558974 0.558974 0 1.55651 3
0.282007 0.282007 0 0.462378 3
1.20523 1.20523 0 0.7605 4
0.282007 0.282007 0 -1.06511 3
0.282007 0.282007 0 0.806601 3
1.25139 1.25139 0 -0.376664 4
0.143524 0.143524 0 1.01252 2
0.651297 0.651297 0 -1.08355 4
0.328169 0.328169 0 1.51963 2
-1.37979 -1.37979 0 -0.551848 1
0.605136 0.605136 0 0.0105866 3
1.25139 1.25139 0 0.397837 4
0.78978 0.78978 0 0.324075 3
0.928264 0.928264 0 -0.979053 4
0.328169 0.328169 0 0.367103 4
0.974425 0.974425 0 0.443938 3
-0.733538 -0.733538 0 -0.143084 2
0.328169 0.328169 0 0.0997156 3
0.743619 0.743619 0 -0.302902 3
-0.733538 -0.733538 0 -0.874557 2
0.697458 0.697458 0 -0.0693222 3
0.37433 0.37433 0 -0.435058 3
1.06675 1.06675 0 -0.711666 4
0.512813 0.512813 0 0.714398 3
0.420491 0.420491 0 -1.03745 3
-0.502732 -0.502732 0 -0.610243 3
0.882103 0.882103 0 -0.272168 4
1.06675 1.06675 0 -0.561068 4
0.466652 0.466652 0 0.711325 3
0.697458 0.697458 0 -0.431985 4
-0.0411207 -0.0411207 0 0.692885 3
0.697458 0.697458 0 -0.0478083 3
0.835941 0.835941 0 -1.00057 4
0.697458 0.697458 0 -0.521114 3
0.697458 0.697458 0 -0.711666 4
1.15907 1.15907 0 -0.920658 4
0.143524 0.143524 0 -0.911438 3
1.20523 1.20523 0 -1.02515 5
0.928264 0.928264 0 -0.957539 4
0.974425 0.974425 0 -0.352076 4
0.420491 0.420491 0 -0.736253 3
1.15907 1.15907 0 -0.828456 5
-0.179604 -0.179604 0 -0.0416615 2
-0.502732 -0.502732 0 -0.674785 3
0.651297 0.651297 0 -0.106203 4
0.558974 0.558974 0 -0.422765 4
0.558974 0.558974 0 0.717472 4
0.37433 0.37433 0 -0.862263 3
0.882103 0.882103 0 -0.874557 4
0.328169 0.328169 0 -0.459646 3
0.282007 0.282007 0 -1.12965 3
0.78978 0.78978 0 0.41013 3
0.651297 0.651297 0 0.40091 3
0.235846 0.235846 0 0.244166 3
-0.179604 -0.179604 0 1.05555 2
-1.51828 -1.51828 0 -0.349003 1
0.420491 0.420491 0 -0.671711 4
0.835941 0.835941 0 -1.11428 4
0.835941 0.835941 0 -0.468866 4
-0.595055 -0.595055 0 -1.03745 2
0.697458 0.697458 0 0.447011 3
0.466652 0.466652 0 0.281047 3
1.11291 1.11291 0 0.216505 4
0.235846 0.235846 0 -1.11121 3
0.420491 0.420491 0 -0.843823 3
0.605136 0.605136 0 1.34445 3
0.697458 0.697458 0 -0.435058 3
-0.502732 -0.502732 0 -0.106203 2
0.697458 0.697458 0 -0.305975 3
0.605136 0.605136 0 0.892657 3
0.605136 0.605136 0 0.0536144 3
-0.825861 -0.825861 0 -1.07433 2
-1.28747 -1.28747 0 -0.665565 1
-1.28747 -1.28747 0 0.142743 1
0.143524 0.143524 0 -0.773134 3
0.697458 0.697458 0 -0.413545 3
0.743619 0.743619 0 -0.23836 3
0.605136 0.605136 0 -0.7424 3
-0.318088 -0.318088 0 -0.222993 2
1.29755 1.29755 0 -0.179965 4
1.29755 1.29755 0 -0.395104 4
-0.179604 -0.179604 0 0.228799 3
0.651297 0.651297 0 0.12123 3
-2.57998 -2.57998 0 1.52885 0
0.00504044 0.00504044 0 1.17541 2
0.697458 0.697458 0 0.683664 3
-1.56444 -1.56444 0 -0.216846 1
-1.74908 -1.74908 0 0.483892 1
-0.918183 -0.918183 0 -0.00478049 1
0.882103 0.882103 0 -0.530334 4
0.974425 0.974425 0 -0.687078 4
0.974425 0.974425 0 -0.794648 4
1.02059 1.02059 0 -0.60717 4
1.15907 1.15907 0 -0.640977 4
1.25139 1.25139 0 -0.763914 4
0.743619 0.743619 0 -0.521114 4
0.882103 0.882103 0 -0.702446 4
0.882103 0.882103 0 -0.444279 4
0.882103 0.882103 0 -0.422765 4
1.06675 1.06675 0 -0.865337 4
1.06675 1.06675 0 -0.926805 4
0.974425 0.974425 0 -1.06204 4
0.605136 0.605136 0 -0.189185 4
1.25139 1.25139 0 -0.548775 4
1.29755 1.29755 0 -0.739327 4
1.15907 1.15907 0 -0.511894 4
0.651297 0.651297 0 -0.170745 4
-1.54136 -1.54136 0 0.115083 0
-2.02605 -2.02605 0 -0.702446 0
-0.664296 -0.664296 0 1.0033 3
-0.941263 -0.941263 0 2.09743 3
-2.57998 -2.57998 0 -0.0201476 0
-0.664296 -0.664296 0 0.637563 3
-0.248846 -0.248846 0 -0.788501 3
-0.525813 -0.525813 0 -0.828456 2
0.651297 0.651297 0 -0.416618 3
-0.248846 -0.248846 0 1.21229 3
0.143524 0.143524 0 -1.08355 3
-0.0872819 -0.0872819 0 -0.444279 3
-0.225765 -0.225765 0 -0.542628 3
-1.42596 -1.42596 0 -0.684005 1
-0.641216 -0.641216 0 -0.450426 2
0.697458 0.697458 0 -0.99442 4
0.743619 0.743619 0 -1.03745 4
1.20523 1.20523 0 0.136597 4
0.651297 0.651297 0 -0.945245 4
0.928264 0.928264 0 -0.548775 4
-1.03359 -1.03359 0 0.188845 2
0.582055 0.582055 0 -1.03437 3
-0.179604 -0.179604 0 -0.601023 3
-1.07975 -1.07975 0 -0.99442 1
-0.571974 -0.571974 0 -0.61639 2
0.00504044 0.00504044 0 -0.407398 3
-0.41041 -0.41041 0 0.825041 3
0.0973628 0.0973628 0 0.234946 3
0.143524 0.143524 0 -0.954466 3
-0.548894 -0.548894 0 1.00637 3
0.466652 0.466652 0 -0.416618 4
-0.872022 -0.872022 0 2.29721 3
0.489733 0.489733 0 -0.567215 3
0.582055 0.582055 0 -0.561068 3
0.951344 0.951344 0 0.646783 3
0.7667 0.7667 0 -1.04974 4
1.20523 1.20523 0 -1.13272 5
-1.91065 -1.91065 0 1.79624 2
1.11291 1.11291 0 -0.945245 4
-0.0180401 -0.0180401 0 -0.911438 3
-0.80278 -0.80278 0 0.496186 3
-0.41041 -0.41041 0 -0.379737 3
0.605136 0.605136 0 -0.0969829 3
0.028121 0.028121 0 -0.0170741 3
-0.318088 -0.318088 0 -0.588729 2
-0.848941 -0.848941 0 0.972565 3
-1.10283 -1.10283 0 1.15082 2
-0.271927 -0.271927 0 -0.991346 3
-0.872022 -0.872022 0 -0.284461 2
0.143524 0.143524 0 -0.244507 3
0.535894 0.535894 0 -0.822309 3
-0.687377 -0.687377 0 0.606829 3
-0.710458 -0.710458 0 0.2749 3
0.305088 0.305088 0 0.0443941 3
0.39741 0.39741 0 -0.853043 3
-0.0180401 -0.0180401 0 -0.846896 3
-0.318088 -0.318088 0 1.22766 3
0.0973628 0.0973628 0 0.640637 4
-0.248846 -0.248846 0 1.34138 3
1.11291 1.11291 0 -0.557995 4
-0.756619 -0.756619 0 -0.690152 2
0.78978 0.78978 0 -0.730106 4
-0.779699 -0.779699 0 -0.269094 2
-0.41041 -0.41041 0 -0.0140007 3
0.305088 0.305088 0 -0.0078539 4
0.0973628 0.0973628 0 -0.0908361 3
0.466652 0.466652 0 -1.0313 3
-0.156524 -0.156524 0 -0.514967 3
-2.02605 -2.02605 0 0.631416 1
0.835941 0.835941 0 -0.770061 4
0.0973628 0.0973628 0 0.619123 4
0.351249 0.351249 0 -1.10814 3
-3.08776 -3.08776 0 3.02561 0
-0.0872819 -0.0872819 0 -0.487307 3
0.78978 0.78978 0 -0.988273 4
-2.09529 -2.09529 0 1.80853 1
-2.16453 -2.16453 0 2.38326 1
0.00504044 0.00504044 0 -0.192259 3
0.928264 0.928264 0 -0.419691 4
-0.248846 -0.248846 0 -0.0140007 3
0.37433 0.37433 0 -0.23836 4
0.166605 0.166605 0 -0.352076 3
-0.733538 -0.733538 0 0.394763 3
-0.895102 -0.895102 0 -1.04667 2
-0.571974 -0.571974 0 -1.06818 2
-0.248846 -0.248846 0 -0.379737 3
0.651297 0.651297 0 1.21844 3
-0.0180401 -0.0180401 0 -0.2568 3
0.420491 0.420491 0 -0.4996 4
0.835941 0.835941 0 -0.899144 4
0.466652 0.466652 0 -0.730106 3
-2.11837 -2.11837 0 2.7029 2
-0.733538 -0.733538 0 0.26568 3
-0.202685 -0.202685 0 -0.834602 3
-1.21823 -1.21823 0 -0.0355146 2
-1.24131 -1.24131 0 -0.475013 2
-0.548894 -0.548894 0 0.0167334 3
-0.779699 -0.779699 0 -0.441205 2
0.37433 0.37433 0 -1.10199 3
-1.33363 -1.33363 0 0.908024 2
-0.341168 -0.341168 0 -0.674785 3
0.0742822 0.0742822 0 -0.293681 3
-2.30302 -2.30302 0 2.02675 1
0.143524 0.143524 0 -0.352076 3
0.028121 0.028121 0 -0.441205 3
0.743619 0.743619 0 -0.99442 4
0.420491 0.420491 0 -0.840749 3
0.235846 0.235846 0 -0.551848 3
-2.07221 -2.07221 0 0.13967 1
-0.641216 -0.641216 0 -0.86841 2
0.189685 0.189685 0 -1.10814 3
-0.271927 -0.271927 0 0.339442 2
-0.341168 -0.341168 0 -0.610243 3
-1.12591 -1.12591 0 -0.708592 2
-0.225765 -0.225765 0 -0.991346 3
-0.687377 -0.687377 0 -1.00671 2
-0.479652 -0.479652 0 -1.09584 2
-2.88003 -2.88003 0 3.34524 1
-0.733538 -0.733538 0 -1.06818 2
-2.11837 -2.11837 0 1.13238 1
-0.433491 -0.433491 0 1.47968 1
-0.0180401 -0.0180401 0 -0.0201476 3
-2.3261 -2.3261 0 1.39362 1
0.928264 0.928264 0 -1.11428 4
-1.6106 -1.6106 0 1.39977 2
-0.0642013 -0.0642013 0 -0.776207 3
0.882103 0.882103 0 -0.766987 4
0.0973628 0.0973628 0 0.339442 3
-0.295007 -0.295007 0 1.64564 3
-0.295007 -0.295007 0 -1.10814 3
-0.525813 -0.525813 0 1.03711 3
-0.987425 -0.987425 0 1.08936 3
0.882103 0.882103 0 -0.723959 4
-0.456571 -0.456571 0 -0.920658 2
0.235846 0.235846 0 -0.100056 3
-0.433491 -0.433491 0 -0.133864 2
1.02059 1.02059 0 0.145817 4
0.558974 0.558974 0 -0.939098 4
-0.710458 -0.710458 0 0.339442 3
-0.710458 -0.710458 0 0.360956 3
-0.502732 -0.502732 0 3.4651 0
-0.0642013 -0.0642013 0 -0.392031 3
-0.202685 -0.202685 0 -0.834602 3
-1.01051 -1.01051 0 0.00443976 2
-3.78018 -3.78018 0 2.14661 0
-3.22624 -3.22624 0 2.71212 0
-0.133443 -0.133443 0 -0.0109273 3
0.0973628 0.0973628 0 0.145817 3
0.39741 0.39741 0 -0.810015 3
0.120443 0.120443 0 -1.07126 3
0.143524 0.143524 0 -0.179965 3
0.558974 0.558974 0 -0.637904 3
0.328169 0.328169 0 -0.644051 3
0.166605 0.166605 0 -1.09584 3
-0.618135 -0.618135 0 -0.834602 2
-1.79524 -1.79524 0 2.68138 2
0.512813 0.512813 0 -0.856116 3
-0.0642013 -0.0642013 0 -0.779281 3
-0.156524 -0.156524 0 -0.687078 3
-0.918183 -0.918183 0 0.407057 2
0.37433 0.37433 0 1.73785 2
0.258927 0.258927 0 0.686738 3
0.628216 0.628216 0 -0.170745 3
0.905183 0.905183 0 -0.539555 4
0.558974 0.558974 0 -0.853043 3
-0.110362 -0.110362 0 0.858849 3
0.120443 0.120443 0 -0.468866 3
0.39741 0.39741 0 -0.702446 3
0.420491 0.420491 0 -0.456572 4
-0.0872819 -0.0872819 0 -1.13272 3
-0.710458 -0.710458 0 -0.327489 2
0.282007 0.282007 0 -0.275241 3
-2.14145 -2.14145 0 0.305634 0
-0.295007 -0.295007 0 -0.0601019 2
0.305088 0.305088 0 -0.816162 3
1.11291 1.11291 0 -0.622537 4
0.651297 0.651297 0 -0.0078539 3
0.028121 0.028121 0 0.397837 3
-4.9342 -4.9342 0 10.9151 1
-0.918183 -0.918183 0 0.25646 2
-0.618135 -0.618135 0 -1.02208 2
0.78978 0.78978 0 -0.739327 4
-0.341168 -0.341168 0 0.207285 3
0.420491 0.420491 0 -1.1235 3
-0.918183 -0.918183 0 -1.0774 2
0.0742822 0.0742822 0 -1.0897 3
0.720538 0.720538 0 -0.50882 3
0.535894 0.535894 0 -0.0447349 4
-0.525813 -0.525813 0 1.57495 3
-0.41041 -0.41041 0 0.480819 3
-3.59553 -3.59553 0 7.90004 2
-0.387329 -0.387329 0 0.2749 3
-1.21823 -1.21823 0 -0.659418 1
-0.872022 -0.872022 0 0.167331 2
0.166605 0.166605 0 0.238019 4
0.212766 0.212766 0 -0.539555 3
0.120443 0.120443 0 -0.339783 3
-0.41041 -0.41041 0 0.330222 3
-0.364249 -0.364249 0 0.606829 3
-0.156524 -0.156524 0 -0.0201476 3
0.143524 0.143524 0 -0.330562 3
-0.0180401 -0.0180401 0 -1.11736 3
0.605136 0.605136 0 -0.727033 4
0.651297 0.651297 0 -0.76084 3
0.028121 0.028121 0 -0.849969 3
-1.17207 -1.17207 0 0.994079 2
0.489733 0.489733 0 -0.837676 4
0.512813 0.512813 0 -0.075469 4
0.39741 0.39741 0 -1.00364 3
-0.318088 -0.318088 0 -0.85919 3
0.512813 0.512813 0 -0.914511 4
-1.44904 -1.44904 0 0.259533 2
0.120443 0.120443 0 -0.167671 3
0.7667 0.7667 0 -0.834602 4
-0.179604 -0.179604 0 0.0997156 3
-0.202685 -0.202685 0 0.39169 3
-0.225765 -0.225765 0 -1.03437 3
0.305088 0.305088 0 -0.696299 3
-1.19515 -1.19515 0 -0.456572 2
-0.479652 -0.479652 0 0.281047 3
-0.664296 -0.664296 0 -0.696299 2
-0.271927 -0.271927 0 -0.11235 2
0.143524 0.143524 0 -0.266021 3
0.882103 0.882103 0 -0.487307 4
-0.225765 -0.225765 0 -0.843823 3
0.743619 0.743619 0 -0.370517 4
0.189685 0.189685 0 -0.963686 3
-1.79524 -1.79524 0 0.250313 1
0.37433 0.37433 0 -0.564142 3
0.489733 0.489733 0 -0.299828 4
-0.0872819 -0.0872819 0 -0.551848 3
1.15907 1.15907 0 -0.404324 4
-0.0872819 -0.0872819 0 -0.853043 3
-0.271927 -0.271927 0 -0.195332 3
-0.133443 -0.133443 0 -0.699372 3
0.974425 0.974425 0 0.852702 3
-0.387329 -0.387329 0 -0.779281 3
0.39741 0.39741 0 -0.917585 3
0.628216 0.628216 0 -0.739327 4
0.282007 0.282007 0 -0.619463 3
0.512813 0.512813 0 -1.00057 3
-0.0180401 -0.0180401 0 -0.0939095 3
0.39741 0.39741 0 0.201138 4
0.720538 0.720538 0 -0.874557 4
-0.133443 -0.133443 0 -0.339783 3
0.7667 0.7667 0 -0.075469 3
-0.687377 -0.687377 0 -0.333636 2
-1.44904 -1.44904 0 1.01252 2
0.974425 0.974425 0 -0.416618 4
0.235846 0.235846 0 -1.06818 3
0.189685 0.189685 0 0.311781 4
0.512813 0.512813 0 -1.00671 3
0.743619 0.743619 0 -0.797721 4
-0.848941 -0.848941 0 -1.10814 2
0.697458 0.697458 0 -1.05896 4
0.697458 0.697458 0 -0.88685 4
-0.0180401 -0.0180401 0 -0.545701 3
0.37433 0.37433 0 -0.800795 3
-0.179604 -0.179604 0 -0.266021 3
0.582055 0.582055 0 -0.00170707 3
0.235846 0.235846 0 0.566875 3
-2.18761 -2.18761 0 2.00831 1
0.605136 0.605136 0 -0.849969 3
-1.65676 -1.65676 0 0.628343 1
0.189685 0.189685 0 -0.576436 3
0.258927 0.258927 0 -0.302902 3
0.235846 0.235846 0 -0.272168 3
-0.156524 -0.156524 0 -0.717813 3
0.258927 0.258927 0 -0.0908361 4
-0.341168 -0.341168 0 -0.136937 3
-0.318088 -0.318088 0 -0.170745 3
-0.225765 -0.225765 0 0.490039 3
-0.571974 -0.571974 0 -0.465793 3
-0.756619 -0.756619 0 0.321001 3
-0.0411207 -0.0411207 0 -0.87763 3
-0.80278 -0.80278 0 0.668297 3
-1.74908 -1.74908 0 0.677518 1
0.835941 0.835941 0 -0.404324 4
-0.825861 -0.825861 0 -0.545701 2
-0.225765 -0.225765 0 -1.05896 3
-1.03359 -1.03359 0 -0.564142 2
-0.271927 -0.271927 0 -0.564142 2
0.189685 0.189685 0 -0.527261 3
-0.318088 -0.318088 0 -0.782354 2
0.305088 0.305088 0 0.336369 4
0.535894 0.535894 0 -0.797721 4
-0.179604 -0.179604 0 -0.76084 3
0.651297 0.651297 0 -0.342856 4
-1.05667 -1.05667 0 -0.22914 2
0.235846 0.235846 0 0.330222 4
0.512813 0.512813 0 -0.979053 4
0.235846 0.235846 0 -0.401251 3
0.328169 0.328169 0 -0.782354 3
0.189685 0.189685 0 -0.527261 3
1.08983 1.08983 0 0.0966422 4
0.166605 0.166605 0 -0.0078539 3
0.582055 0.582055 0 -0.521114 4
-0.271927 -0.271927 0 -0.690152 3
-0.387329 -0.387329 0 -0.413545 3
0.489733 0.489733 0 -0.846896 3
-0.0411207 -0.0411207 0 -0.24758 3
-0.848941 -0.848941 0 -0.0170741 2
0.189685 0.189685 0 -0.699372 3
-1.21823 -1.21823 0 -0.939098 1
-3.13392 -3.13392 0 1.37211 0
-2.88003 -2.88003 0 1.90381 0
-0.618135 -0.618135 0 -0.834602 2
1.29755 1.29755 0 -1.01901 5
0.7667 0.7667 0 -0.684005 4
0.697458 0.697458 0 -0.754694 4
1.06675 1.06675 0 -1.0774 4
-0.341168 -0.341168 0 2.01445 4
1.06675 1.06675 0 -0.951392 4
0.582055 0.582055 0 0.0167334 4
-0.0872819 -0.0872819 0 1.12624 4
0.905183 0.905183 0 -1.09892 4
0.39741 0.39741 0 -0.379737 4
-0.225765 -0.225765 0 0.726692 3
0.974425 0.974425 0 -1.08355 4
0.489733 0.489733 0 -0.342856 4
1.11291 1.11291 0 -0.622537 4
1.11291 1.11291 0 -1.0313 4
1.08983 1.08983 0 -0.419691 4
0.489733 0.489733 0 -1.07433 3
0.997505 0.997505 0 -0.597949 4
0.720538 0.720538 0 0.954125 3
0.120443 0.120443 0 2.48469 2
1.4822 1.4822 0 0.520773 4
0.697458 0.697458 0 2.55537 3
1.45912 1.45912 0 0.981786 4
0.720538 0.720538 0 -0.896071 4
1.43604 1.43604 0 0.539214 4
0.951344 0.951344 0 -0.837676 4
0.905183 0.905183 0 -0.173818 4
0.835941 0.835941 0 0.155037 3
0.558974 0.558974 0 -0.143084 3
-0.179604 -0.179604 0 -0.201479 3
0.928264 0.928264 0 0.677518 3
0.743619 0.743619 0 0.127376 3
0.697458 0.697458 0 1.50119 3
0.651297 0.651297 0 -0.179965 3
0.466652 0.466652 0 -0.579509 3
0.674377 0.674377 0 -0.576436 3
0.720538 0.720538 0 0.179624 3
1.06675 1.06675 0 1.2461 3
0.605136 0.605136 0 1.17234 3
0.997505 0.997505 0 0.0689815 4
-0.479652 -0.479652 0 -0.803868 2
0.951344 0.951344 0 2.17427 3
1.34371 1.34371 0 0.554581 4
-0.364249 -0.364249 0 -0.7424 2
0.812861 0.812861 0 2.42322 3
0.628216 0.628216 0 -0.730106 3
-0.156524 -0.156524 0 0.486966 2
1.06675 1.06675 0 -0.0447349 4
0.812861 0.812861 0 1.60569 3
0.974425 0.974425 0 1.23995 3
0.859022 0.859022 0 0.0167334 3
0.812861 0.812861 0 -0.0508817 3
0.882103 0.882103 0 -0.874557 4
1.02059 1.02059 0 -0.456572 4
1.45912 1.45912 0 0.874216 4
0.835941 0.835941 0 0.305634 3
-0.733538 -0.733538 0 -0.358223 2
0.235846 0.235846 0 -0.594876 3
0.974425 0.974425 0 0.40091 3
-0.295007 -0.295007 0 -0.339783 2
0.882103 0.882103 0 1.12624 3
0.7667 0.7667 0 1.96835 3
0.674377 0.674377 0 -0.813088 4
0.905183 0.905183 0 -0.281388 4
0.974425 0.974425 0 2.03597 3
0.720538 0.720538 0 2.35253 3
0.951344 0.951344 0 -0.730106 4
0.882103 0.882103 0 0.00751317 3
0.928264 0.928264 0 -0.849969 4
0.7667 0.7667 0 -0.183039 3
0.78978 0.78978 0 0.90495 3
0.78978 0.78978 0 0.345589 3
-0.0180401 -0.0180401 0 0.422424 3
-0.595055 -0.595055 0 -0.650198 2
1.13599 1.13599 0 0.874216 3
0.859022 0.859022 0 -0.797721 4
0.628216 0.628216 0 -0.321342 3
0.628216 0.628216 0 -0.86841 4
-0.295007 -0.295007 0 -0.936025 3
0.0512016 0.0512016 0 0.984859 2
0.37433 0.37433 0 -0.413545 3
1.25139 1.25139 0 -0.312122 4
0.328169 0.328169 0 0.831188 3
0.674377 0.674377 0 0.649857 3
0.489733 0.489733 0 -0.309049 3
0.00504044 0.00504044 0 -0.730106 3
0.812861 0.812861 0 0.637563 3
0.928264 0.928264 0 -0.0324412 4
0.835941 0.835941 0 -0.296755 4
-0.295007 -0.295007 0 -0.232213 2
0.466652 0.466652 0 0.947978 3
0.697458 0.697458 0 -0.198406 3
0.258927 0.258927 0 0.277974 3
1.02059 1.02059 0 0.791234 3
0.882103 0.882103 0 0.394763 3
0.882103 0.882103 0 0.825041 3
0.882103 0.882103 0 1.49197 3
0.443572 0.443572 0 -0.527261 3
0.489733 0.489733 0 1.32601 3
1.13599 1.13599 0 0.271827 4
0.812861 0.812861 0 0.0782017 3
0.0742822 0.0742822 0 -1.11121 3
0.512813 0.512813 0 -0.554922 3
-0.110362 -0.110362 0 -0.0478083 2
0.166605 0.166605 0 -0.825382 3
1.18215 1.18215 0 -0.413545 4
0.974425 0.974425 0 0.207285 4
0.282007 0.282007 0 -0.24758 3
-0.433491 -0.433491 0 0.920317 2
1.29755 1.29755 0 -0.0078539 4
0.558974 0.558974 0 -0.659418 4
1.11291 1.11291 0 -0.278314 4
1.45912 1.45912 0 0.723619 4
1.13599 1.13599 0 -0.739327 4
0.951344 0.951344 0 -0.816162 4
0.812861 0.812861 0 -0.739327 4
0.928264 0.928264 0 -0.63483 4
-0.0180401 -0.0180401 0 -0.75162 3
-0.387329 -0.387329 0 -0.23836 2
-0.110362 -0.110362 0 -0.779281 3
0.443572 0.443572 0 -0.24758 3
-3.8725 -3.8725 0 4.08901 0
-3.82634 -3.82634 0 0.880363 0
-0.502732 -0.502732 0 -0.115423 3
0.812861 0.812861 0 -0.889924 4
0.812861 0.812861 0 0.422424 3
-0.387329 -0.387329 0 0.296414 3
-0.618135 -0.618135 0 -0.834602 2
-0.456571 -0.456571 0 0.434718 2
-0.0180401 -0.0180401 0 0.582242 2
-0.364249 -0.364249 0 -0.0601019 3
-0.0642013 -0.0642013 0 -0.023221 3
0.535894 0.535894 0 -0.862263 4
0.282007 0.282007 0 -0.24758 3
-0.271927 -0.271927 0 -0.800795 3
-0.133443 -0.133443 0 -0.920658 3
-2.07221 -2.07221 0 -0.118497 0
0.443572 0.443572 0 -0.183039 3
0.420491 0.420491 0 -0.109277 3
0.212766 0.212766 0 -0.843823 3
-0.295007 -0.295007 0 -0.425838 2
0.535894 0.535894 0 -0.736253 3
0.605136 0.605136 0 -0.527261 3
-1.05667 -1.05667 0 -0.465793 2
-1.10283 -1.10283 0 -0.398178 2
-0.318088 -0.318088 0 -1.10506 3
-0.0411207 -0.0411207 0 -0.806942 3
0.951344 0.951344 0 0.108936 4
-0.433491 -0.433491 0 -0.284461 2
0.143524 0.143524 0 -0.450426 3
0.535894 0.535894 0 0.188845 3
-0.825861 -0.825861 0 -0.0631754 1
-1.91065 -1.91065 0 1.23688 1
-1.51828 -1.51828 0 0.597609 2
0.466652 0.466652 0 0.388617 3
-0.0411207 -0.0411207 0 -0.813088 3
0.558974 0.558974 0 -0.207626 3
-0.156524 -0.156524 0 -1.10506 3
-1.10283 -1.10283 0 -0.226066 2
0.305088 0.305088 0 -0.902217 3
1.11291 1.11291 0 0.90495 3
0.00504044 0.00504044 0 -0.471939 3
0.351249 0.351249 0 -0.899144 3
-0.156524 -0.156524 0 -1.01901 3
0.674377 0.674377 0 0.176551 3
-0.456571 -0.456571 0 -0.979053 3
0.328169 0.328169 0 -0.0723956 3
-1.70292 -1.70292 0 -0.250654 1
-0.618135 -0.618135 0 -0.591803 2
0.928264 0.928264 0 -0.828456 4
0.166605 0.166605 0 -0.588729 3
0.582055 0.582055 0 -0.62561 3
1.34371 1.34371 0 0.38247 4
0.166605 0.166605 0 0.0351739 3
0.605136 0.605136 0 0.569948 3
-0.918183 -0.918183 0 -0.865337 2
-0.341168 -0.341168 0 -0.2568 2
0.905183 0.905183 0 1.28913 3
0.420491 0.420491 0 -0.13079 3
0.235846 0.235846 0 -0.487307 3
0.628216 0.628216 0 0.194991 3
-0.179604 -0.179604 0 -1.10506 3
-0.156524 -0.156524 0 -1.09584 3
0.974425 0.974425 0 -0.524188 4
-0.271927 -0.271927 0 -1.05589 3
0.39741 0.39741 0 0.0720549 3
-0.0642013 -0.0642013 0 0.748206 3
-0.225765 -0.225765 0 -0.736253 3
0.720538 0.720538 0 0.459305 3
-0.110362 -0.110362 0 -0.711666 3
-0.0872819 -0.0872819 0 -0.186112 3
-0.110362 -0.110362 0 0.124303 2
-1.12591 -1.12591 0 -0.674785 1
-0.225765 -0.225765 0 0.64371 2
-3.24932 -3.24932 0 5.24154 1
-0.341168 -0.341168 0 -0.923731 3
0.0973628 0.0973628 0 0.772793 2
-0.364249 -0.364249 0 0.0966422 2
1.34371 1.34371 0 1.00637 4
-0.271927 -0.271927 0 0.66215 2
0.835941 0.835941 0 0.327148 3
0.212766 0.212766 0 -0.736253 3
1.29755 1.29755 0 1.51963 3
0.166605 0.166605 0 -0.674785 3
-0.664296 -0.664296 0 0.0997156 3
-0.779699 -0.779699 0 -0.7424 2
0.7667 0.7667 0 0.957198 3
-0.225765 -0.225765 0 -1.05589 3
1.02059 1.02059 0 0.403984 4
0.466652 0.466652 0 1.63642 3
-0.0180401 -0.0180401 0 0.302561 2
-2.02605 -2.02605 0 -0.939098 0
0.0512016 0.0512016 0 0.855776 2
0.189685 0.189685 0 0.39169 3
1.20523 1.20523 0 1.59954 3
0.028121 0.028121 0 0.714398 2
-0.479652 -0.479652 0 -0.2568 3
1.06675 1.06675 0 -0.73318 4
1.18215 1.18215 0 -0.435058 4
-2.25686 -2.25686 0 2.00216 1
-0.618135 -0.618135 0 0.456232 1
-2.09529 -2.09529 0 0.324075 1
0.674377 0.674377 0 1.27376 3
0.282007 0.282007 0 -1.00057 3
-0.618135 -0.618135 0 -0.576436 2
-0.179604 -0.179604 0 0.13045 2
0.351249 0.351249 0 0.0259537 3
-0.248846 -0.248846 0 0.0935688 2
-2.07221 -2.07221 0 -1.12965 0
-0.80278 -0.80278 0 -0.127717 2
0.535894 0.535894 0 0.296414 3
-0.687377 -0.687377 0 0.649857 3
1.29755 1.29755 0 1.43358 3
0.212766 0.212766 0 0.0597612 3
-1.58752 -1.58752 0 -0.140011 1
0.466652 0.466652 0 -1.09584 3
-0.202685 -0.202685 0 -0.161525 2
-1.01051 -1.01051 0 -1.02823 2
-2.67231 -2.67231 0 2.3095 1
1.18215 1.18215 0 1.28605 3
0.120443 0.120443 0 -0.979053 3
-0.225765 -0.225765 0 0.837335 2
0.37433 0.37433 0 1.07091 3
-1.14899 -1.14899 0 -0.0416615 1
0.212766 0.212766 0 -0.11235 3
1.34371 1.34371 0 0.963345 4
0.120443 0.120443 0 0.0751283 3
0.7667 0.7667 0 0.742059 3
-3.78018 -3.78018 0 6.08365 1
0.720538 0.720538 0 -0.315195 3
1.02059 1.02059 0 0.76972 3
1.20523 1.20523 0 0.997153 4
-0.479652 -0.479652 0 -0.880704 3
0.00504044 0.00504044 0 -0.244507 3
-0.0180401 -0.0180401 0 0.474672 2
0.305088 0.305088 0 0.173478 3
-1.17207 -1.17207 0 -0.290608 1
0.651297 0.651297 0 -0.179965 3
-1.84141 -1.84141 0 -0.302902 0
0.582055 0.582055 0 -0.453499 3
0.628216 0.628216 0 -1.00979 4
-0.364249 -0.364249 0 -0.0969829 2
0.143524 0.143524 0 -0.170745 3
0.905183 0.905183 0 -0.173818 4
-0.918183 -0.918183 0 -0.392031 1
0.212766 0.212766 0 -0.865337 3
-0.318088 -0.318088 0 0.443938 2
-0.571974 -0.571974 0 -0.0355146 2
-1.67984 -1.67984 0 0.210359 1
0.00504044 0.00504044 0 0.0351739 3
0.0512016 0.0512016 0 0.0167334 3
-0.433491 -0.433491 0 -0.431985 3
0.835941 0.835941 0 -0.920658 4
0.928264 0.928264 0 -0.24758 4
-1.28747 -1.28747 0 -0.966759 1
-0.156524 -0.156524 0 -0.653271 3
-1.91065 -1.91065 0 0.548434 1
0.189685 0.189685 0 0.951051 2
0.466652 0.466652 0 0.840408 3
0.512813 0.512813 0 -0.770061 3
0.420491 0.420491 0 -0.195332 3
0.328169 0.328169 0 -0.696299 3
-0.872022 -0.872022 0 -0.327489 2
0.558974 0.558974 0 -0.0140007 3
-0.433491 -0.433491 0 -0.693225 2
0.328169 0.328169 0 -0.201479 3
0.0973628 0.0973628 0 0.364029 3
-0.479652 -0.479652 0 -0.179965 2
0.651297 0.651297 0 -0.803868 3
0.305088 0.305088 0 -0.2568 3
0.697458 0.697458 0 -0.195332 4
-0.0642013 -0.0642013 0 0.0413207 2
0.582055 0.582055 0 0.944905 3
0.00504044 0.00504044 0 -0.975979 3
0.78978 0.78978 0 -0.846896 4
0.258927 0.258927 0 -0.431985 3
-0.41041 -0.41041 0 -0.810015 3
0.282007 0.282007 0 -1.04974 3
-0.179604 -0.179604 0 -1.00979 3
0.489733 0.489733 0 0.228799 3
-3.01852 -3.01852 0 2.38634 0
-0.0180401 -0.0180401 0 -0.932952 3
-0.872022 -0.872022 0 -0.776207 2
0.351249 0.351249 0 -0.548775 3
0.39741 0.39741 0 0.523847 3
-1.17207 -1.17207 0 -1.02208 1
-0.571974 -0.571974 0 -0.250654 2
-0.202685 -0.202685 0 -0.398178 2
0.443572 0.443572 0 -0.699372 3
0.235846 0.235846 0 -0.50882 3
0.0742822 0.0742822 0 -0.100056 3
0.743619 0.743619 0 -0.929878 4
-1.56444 -1.56444 0 -0.388957 1
0.37433 0.37433 0 0.296414 3
-0.0642013 -0.0642013 0 -0.840749 3
-0.987425 -0.987425 0 -0.803868 2
-1.26439 -1.26439 0 -0.527261 1
-0.479652 -0.479652 0 -0.158451 2
-1.12591 -1.12591 0 -0.545701 1
0.143524 0.143524 0 -0.0416615 3
-0.295007 -0.295007 0 -0.425838 2
-1.19515 -1.19515 0 0.901877 0
-0.756619 -0.756619 0 -0.776207 2
-2.2107 -2.2107 0 -0.650198 0
0.0512016 0.0512016 0 -0.521114 3
-1.05667 -1.05667 0 -1.0897 2
1.29755 1.29755 0 0.723619 4
0.535894 0.535894 0 1.09243 3
0.143524 0.143524 0 1.42128 2
0.351249 0.351249 0 -0.533408 3
0.651297 0.651297 0 0.164257 3
-0.825861 -0.825861 0 -0.557995 2
-1.14899 -1.14899 0 -0.0201476 1
0.466652 0.466652 0 -1.00979 3
-0.341168 -0.341168 0 0.732839 2
0.697458 0.697458 0 0.66215 3
0.720538 0.720538 0 0.0290271 3
-0.618135 -0.618135 0 0.0474676 2
-0.918183 -0.918183 0 -0.327489 1
-2.39534 -2.39534 0 0.0966422 0
-0.918183 -0.918183 0 0.0812751 1
0.235846 0.235846 0 -0.551848 3
-0.0872819 -0.0872819 0 -0.896071 3
0.235846 0.235846 0 -0.0785424 3
-0.387329 -0.387329 0 0.0628346 2
0.120443 0.120443 0 -0.290608 3
-0.0411207 -0.0411207 0 0.0536144 3
-0.687377 -0.687377 0 -1.04974 2
-0.271927 -0.271927 0 -0.327489 2
0.928264 0.928264 0 1.21537 3
0.651297 0.651297 0 0.0997156 3
0.78978 0.78978 0 0.818895 3
-0.133443 -0.133443 0 -0.0601019 2
-0.433491 -0.433491 0 -0.757767 2
-3.73401 -3.73401 0 0.465452 0
0.212766 0.212766 0 0.145817 3
0.0973628 0.0973628 0 -0.431985 3
0.443572 0.443572 0 0.612976 3
0.535894 0.535894 0 -0.0478083 3
0.512813 0.512813 0 0.735912 3
0.78978 0.78978 0 -0.471939 4
-0.733538 -0.733538 0 -0.982126 2
0.282007 0.282007 0 0.785087 3
0.951344 0.951344 0 0.818895 3
0.882103 0.882103 0 0.15811 3
-0.341168 -0.341168 0 -0.932952 3
0.235846 0.235846 0 -0.61639 3
0.189685 0.189685 0 0.305634 3
0.489733 0.489733 0 -0.266021 3
-2.74155 -2.74155 0 0.0443941 0
0.78978 0.78978 0 1.80853 3
0.120443 0.120443 0 -0.441205 3
0.882103 0.882103 0 0.65293 3
-0.41041 -0.41041 0 0.932611 2
-0.548894 -0.548894 0 -0.0877627 2
0.166605 0.166605 0 -0.201479 3
-0.848941 -0.848941 0 3.88309 0
0.628216 0.628216 0 0.388617 3
0.328169 0.328169 0 0.702105 3
0.028121 0.028121 0 -0.275241 3
0.443572 0.443572 0 0.785087 3
0.466652 0.466652 0 1.70096 3
-0.156524 -0.156524 0 -0.201479 2
0.512813 0.512813 0 -0.339783 3
-0.848941 -0.848941 0 -0.0539551 1
0.420491 0.420491 0 -0.023221 3
0.7667 0.7667 0 0.785087 3
-0.0642013 -0.0642013 0 0.514627 2
0.674377 0.674377 0 1.16619 3
-1.28747 -1.28747 0 -0.106203 2
-1.79524 -1.79524 0 0.00136634 0
-2.16453 -2.16453 0 -0.521114 0
-2.62615 -2.62615 0 -0.0816158 0
0.0973628 0.0973628 0 0.364029 3
0.605136 0.605136 0 -0.785428 3
0.605136 0.605136 0 0.52692 3
0.78978 0.78978 0 0.474672 3
0.0512016 0.0512016 0 -0.4996 3
0.743619 0.743619 0 -0.478086 4
0.882103 0.882103 0 -0.766987 4
0.558974 0.558974 0 -0.810015 4
0.420491 0.420491 0 -0.969833 3
0.697458 0.697458 0 -0.865337 4
0.512813 0.512813 0 -0.0601019 3
0.189685 0.189685 0 -0.511894 3
0.282007 0.282007 0 -0.404324 3
0.0973628 0.0973628 0 -0.690152 3
-0.133443 -0.133443 0 -1.12965 3
0.882103 0.882103 0 -1.02515 4
0.328169 0.328169 0 -0.880704 3
0.235846 0.235846 0 -0.594876 3
0.466652 0.466652 0 0.732839 3
0.420491 0.420491 0 -0.926805 3
0.328169 0.328169 0 -0.158451 3
-1.70292 -1.70292 0 0.717472 1
0.743619 0.743619 0 -0.99442 4
-0.0872819 -0.0872819 0 -0.50882 3
0.0973628 0.0973628 0 0.145817 3
-1.33363 -1.33363 0 -0.0601019 2
0.651297 0.651297 0 -0.309049 3
0.697458 0.697458 0 -0.776207 4
0.78978 0.78978 0 -0.975979 4
0.605136 0.605136 0 -0.505747 3
0.420491 0.420491 0 0.0198068 3
0.605136 0.605136 0 -0.0539551 3
-1.33363 -1.33363 0 -0.404324 1
0.37433 0.37433 0 0.145817 3
0.78978 0.78978 0 -0.932952 4
0.882103 0.882103 0 -1.00364 4
0.697458 0.697458 0 -0.0908361 3
0.974425 0.974425 0 -0.773134 4
0.143524 0.143524 0 -1.12658 3
0.835941 0.835941 0 -0.942172 4
0.189685 0.189685 0 0.262607 3
0.328169 0.328169 0 -0.966759 3
0.882103 0.882103 0 -0.336709 4
0.512813 0.512813 0 -0.511894 3
-0.641216 -0.641216 0 -0.923731 2
-0.0872819 -0.0872819 0 -0.551848 3
0.605136 0.605136 0 -0.118497 3
0.605136 0.605136 0 -0.892997 3
0.0973628 0.0973628 0 -0.216846 3
0.143524 0.143524 0 -0.536481 3
-0.179604 -0.179604 0 0.388617 2
0.605136 0.605136 0 -0.613317 3
0.512813 0.512813 0 -0.468866 3
-1.10283 -1.10283 0 -0.640977 1
0.558974 0.558974 0 -0.702446 3
-0.964344 -0.964344 0 -0.85919 2
-0.318088 -0.318088 0 -0.622537 3
-2.07221 -2.07221 0 1.90381 1
-0.318088 -0.318088 0 -1.09584 3
1.06675 1.06675 0 0.102789 5
0.605136 0.605136 0 -0.656344 3
0.697458 0.697458 0 -0.843823 4
-0.364249 -0.364249 0 -0.828456 2
0.466652 0.466652 0 -1.01901 3
-1.74908 -1.74908 0 0.505406 1
-1.19515 -1.19515 0 0.425498 2
0.78978 0.78978 0 -0.330562 4
0.605136 0.605136 0 -0.548775 3
0.37433 0.37433 0 -0.456572 3
0.0973628 0.0973628 0 -0.819235 3
0.78978 0.78978 0 -0.911438 4
-0.364249 -0.364249 0 -0.505747 2
0.928264 0.928264 0 -0.936025 4
-0.687377 -0.687377 0 -1.10814 2
-2.4415 -2.4415 0 0.89573 0
-0.964344 -0.964344 0 -0.975979 2
-0.733538 -0.733538 0 -0.207626 2
0.697458 0.697458 0 -0.388957 4
0.78978 0.78978 0 -0.179965 4
0.697458 0.697458 0 -1.05589 4
0.651297 0.651297 0 -0.450426 4
0.835941 0.835941 0 -1.02208 4
0.558974 0.558974 0 -0.594876 4
-0.595055 -0.595055 0 -0.367443 3
-0.364249 -0.364249 0 -0.613317 2
0.420491 0.420491 0 -1.12043 3
-0.0872819 -0.0872819 0 -0.272168 3
0.0973628 0.0973628 0 -1.01593 3
0.235846 0.235846 0 -0.0140007 3
0.697458 0.697458 0 -0.865337 4
0.651297 0.651297 0 -0.514967 4
0.143524 0.143524 0 -0.567215 3
-0.179604 -0.179604 0 -0.816162 3
-0.179604 -0.179604 0 -0.86841 3
0.558974 0.558974 0 -0.982126 3
0.420491 0.420491 0 -0.862263 3
-3.2724 -3.2724 0 0.563801 0
0.78978 0.78978 0 -0.330562 4
0.37433 0.37433 0 -0.865337 3
0.835941 0.835941 0 -0.684005 4
0.835941 0.835941 0 -0.979053 4
0.235846 0.235846 0 -0.487307 3
0.78978 0.78978 0 0.185771 4
0.420491 0.420491 0 -0.843823 3
-0.133443 -0.133443 0 -0.0601019 2
0.420491 0.420491 0 0.145817 4
0.37433 0.37433 0 -0.219919 3
0.651297 0.651297 0 -0.997493 4
0.189685 0.189685 0 0.354809 4
0.466652 0.466652 0 -0.106203 3
-0.0411207 -0.0411207 0 0.0904954 3
0.512813 0.512813 0 -0.0539551 4
0.235846 0.235846 0 -0.0355146 3
0.235846 0.235846 0 -0.250654 3
0.37433 0.37433 0 -0.475013 4
0.558974 0.558974 0 -0.810015 3
-0.0411207 -0.0411207 0 -0.505747 3
0.651297 0.651297 0 -0.730106 4
0.78978 0.78978 0 -0.588729 4
0.420491 0.420491 0 -0.88685 3
-1.51828 -1.51828 0 -0.456572 1
0.00504044 0.00504044 0 -1.01901 3
0.697458 0.697458 0 -0.259874 4
-0.872022 -0.872022 0 0.729766 1
-0.271927 -0.271927 0 -1.01286 3
-0.456571 -0.456571 0 -0.290608 3
-0.872022 -0.872022 0 -0.843823 2
0.143524 0.143524 0 0.0566878 3
-0.318088 -0.318088 0 -0.278314 3
0.697458 0.697458 0 -0.195332 4
0.558974 0.558974 0 -0.831529 4
0.189685 0.189685 0 -1.02208 3
-0.179604 -0.179604 0 -0.803868 3
0.0973628 0.0973628 0 -0.929878 3
0.605136 0.605136 0 -1.10814 4
-0.271927 -0.271927 0 -0.496527 3
-0.502732 -0.502732 0 -0.86841 2
0.143524 0.143524 0 -1.07433 3
-0.318088 -0.318088 0 0.13045 3
-3.45705 -3.45705 0 0.76972 0
0.651297 0.651297 0 -0.407398 4
0.143524 0.143524 0 -1.01901 3
0.466652 0.466652 0 -0.471939 3
-0.225765 -0.225765 0 -1.0774 3
-1.47212 -1.47212 0 -0.416618 1
0.605136 0.605136 0 -0.576436 4
0.558974 0.558974 0 -0.422765 4
-1.01051 -1.01051 0 0.176551 2
-0.179604 -0.179604 0 -0.352076 3
-2.62615 -2.62615 0 0.692885 0
-1.01051 -1.01051 0 0.63449 1
0.78978 0.78978 0 -0.48116 4
0.328169 0.328169 0 -0.0723956 3
0.466652 0.466652 0 0.250313 4
0.235846 0.235846 0 -0.315195 3
-0.502732 -0.502732 0 -0.674785 3
-0.687377 -0.687377 0 0.00443976 3
-2.02605 -2.02605 0 0.437791 1
-2.02605 -2.02605 0 -0.401251 0
-0.641216 -0.641216 0 -0.201479 2
-1.88757 -1.88757 0 -0.819235 0
-1.51828 -1.51828 0 -0.176892 1
-1.47212 -1.47212 0 -0.222993 1
-2.25686 -2.25686 0 -0.773134 0
-1.28747 -1.28747 0 -0.0416615 2
-2.02605 -2.02605 0 0.631416 1
-1.28747 -1.28747 0 0.324075 2
-2.11837 -2.11837 0 1.36904 1
-1.70292 -1.70292 0 0.65293 1
-2.16453 -2.16453 0 -0.198406 0
-1.70292 -1.70292 0 0.954125 1
-0.0411207 -0.0411207 0 -0.613317 3
-2.90311 -2.90311 0 1.50734 0
0.974425 0.974425 0 -0.299828 5
0.605136 0.605136 0 0.477746 4
0.78978 0.78978 0 0.0566878 4
0.282007 0.282007 0 1.12316 4
0.466652 0.466652 0 0.659077 4
0.697458 0.697458 0 0.14889 4
0.78978 0.78978 0 -0.0723956 4
0.835941 0.835941 0 -0.226066 4
0.78978 0.78978 0 -0.179965 4
0.558974 0.558974 0 0.287194 4
0.651297 0.651297 0 0.0874219 4
0.466652 0.466652 0 0.465452 4
0.743619 0.743619 0 -0.133864 4
0.928264 0.928264 0 -0.533408 4
0.558974 0.558974 0 0.201138 4
0.0973628 0.0973628 0 1.22151 4
-1.47212 -1.47212 0 -0.954466 1
-3.78018 -3.78018 0 2.66294 0
-0.941263 -0.941263 0 0.311781 2
-0.387329 -0.387329 0 -0.693225 3
-1.10283 -1.10283 0 -0.570289 2
-0.687377 -0.687377 0 -0.35515 2
1.29755 1.29755 0 1.32601 4
0.351249 0.351249 0 0.155037 3
0.651297 0.651297 0 0.0782017 3
0.305088 0.305088 0 -0.945245 3
0.512813 0.512813 0 1.16619 3
-0.525813 -0.525813 0 -0.770061 2
0.859022 0.859022 0 1.26454 3
-1.24131 -1.24131 0 -0.647124 1
-0.479652 -0.479652 0 -0.309049 2
-0.271927 -0.271927 0 0.576095 2
0.212766 0.212766 0 0.296414 3
-0.248846 -0.248846 0 -0.960612 3
1.50528 1.50528 0 0.447011 4
1.36679 1.36679 0 0.394763 4
-0.318088 -0.318088 0 -0.149231 3
-1.79524 -1.79524 0 1.19692 1
0.120443 0.120443 0 -0.118497 3
-0.779699 -0.779699 0 0.505406 3
1.41296 1.41296 0 0.957198 4
-1.44904 -1.44904 0 0.947978 2
0.512813 0.512813 0 0.0259537 3
-0.387329 -0.387329 0 -0.972906 3
-0.271927 -0.271927 0 -0.262947 2
0.328169 0.328169 0 0.422424 3
-3.41089 -3.41089 0 1.19692 0
-0.941263 -0.941263 0 -0.957539 2
-2.02605 -2.02605 0 0.244166 1
1.55144 1.55144 0 1.26761 4
0.328169 0.328169 0 -1.06204 3
0.720538 0.720538 0 -0.207626 3
0.328169 0.328169 0 -0.86841 3
-0.479652 -0.479652 0 -0.846896 2
0.166605 0.166605 0 -0.85919 3
0.697458 0.697458 0 1.09243 3
-0.595055 -0.595055 0 0.0167334 2
-0.0872819 -0.0872819 0 -0.766987 3
1.25139 1.25139 0 0.91417 4
0.420491 0.420491 0 0.191918 3
0.997505 0.997505 0 0.0904954 4
-0.756619 -0.756619 0 -0.431985 2
1.50528 1.50528 0 0.898803 4
0.143524 0.143524 0 0.41013 3
0.028121 0.028121 0 -0.856116 3
-0.525813 -0.525813 0 -0.705519 3
0.351249 0.351249 0 0.0259537 3
-0.479652 -0.479652 0 -0.610243 2
1.27447 1.27447 0 1.1416 4
1.5976 1.5976 0 1.76551 4
-0.110362 -0.110362 0 -0.969833 3
0.812861 0.812861 0 0.637563 3
0.558974 0.558974 0 0.523847 3
-1.37979 -1.37979 0 0.717472 2
0.39741 0.39741 0 -1.04667 3
-0.271927 -0.271927 0 -0.88685 3
1.27447 1.27447 0 0.151964 4
-0.156524 -0.156524 0 -0.794648 3
-0.548894 -0.548894 0 -0.431985 2
-4.9342 -4.9342 0 11.4959 1
0.258927 0.258927 0 0.14889 3
-0.179604 -0.179604 0 0.41013 2
-0.248846 -0.248846 0 -1.11121 3
-0.110362 -0.110362 0 0.360956 2
1.13599 1.13599 0 1.23995 3
0.212766 0.212766 0 -0.133864 3
-0.941263 -0.941263 0 -0.834602 2
0.7667 0.7667 0 1.55959 3
1.18215 1.18215 0 1.17848 3
0.328169 0.328169 0 -1.09584 3
-0.179604 -0.179604 0 -0.665565 3
-0.0411207 -0.0411207 0 -1.07126 3
0.697458 0.697458 0 -0.305975 3
0.0973628 0.0973628 0 0.64371 2
1.06675 1.06675 0 0.385543 4
-0.664296 -0.664296 0 -0.330562 2
0.258927 0.258927 0 -0.840749 3
-1.01051 -1.01051 0 -1.02208 2
0.859022 0.859022 0 0.102789 3
1.5976 1.5976 0 1.33523 4
0.235846 0.235846 0 -0.702446 3
1.06675 1.06675 0 1.54729 3
0.351249 0.351249 0 -0.468866 3
0.258927 0.258927 0 0.127376 3
-0.0180401 -0.0180401 0 -0.471939 3
-1.56444 -1.56444 0 0.0628346 1
-1.81833 -1.81833 0 0.88651 1
-1.26439 -1.26439 0 0.548434 2
-0.341168 -0.341168 0 -0.945245 3
0.928264 0.928264 0 0.13967 3
-0.895102 -0.895102 0 -1.0897 2
0.651297 0.651297 0 -0.0723956 3
-0.80278 -0.80278 0 -0.106203 2
-2.02605 -2.02605 0 0.846555 1
-3.78018 -3.78018 0 1.32908 0
-0.987425 -0.987425 0 0.00136634 1
-0.41041 -0.41041 0 -0.853043 3
0.0973628 0.0973628 0 -0.388957 3
0.512813 0.512813 0 -0.533408 3
-0.895102 -0.895102 0 0.889583 1
-0.733538 -0.733538 0 0.502333 3
-0.848941 -0.848941 0 0.348662 3
0.212766 0.212766 0 -0.133864 3
-0.0411207 -0.0411207 0 0.591462 2
-0.318088 -0.318088 0 -0.988273 3
-3.82634 -3.82634 0 3.11781 0
0.535894 0.535894 0 -0.843823 3
0.0512016 0.0512016 0 -0.392031 3
0.166605 0.166605 0 -0.75162 3
0.0973628 0.0973628 0 -1.09892 3
0.305088 0.305088 0 -0.127717 3
-0.664296 -0.664296 0 -0.201479 3
0.420491 0.420491 0 -0.475013 3
-0.295007 -0.295007 0 -0.957539 3
0.466652 0.466652 0 -0.85919 3
0.651297 0.651297 0 0.659077 3
1.50528 1.50528 0 1.0494 4
-1.24131 -1.24131 0 -0.647124 1
0.582055 0.582055 0 0.428571 3
0.443572 0.443572 0 -0.398178 3
-0.664296 -0.664296 0 -0.502674 2
0.905183 0.905183 0 0.105862 3
0.466652 0.466652 0 -0.816162 3
0.835941 0.835941 0 -0.296755 4
0.674377 0.674377 0 -0.167671 3
0.39741 0.39741 0 0.738986 3
-0.571974 -0.571974 0 -0.917585 2
0.697458 0.697458 0 0.554581 3
-0.202685 -0.202685 0 0.333295 2
0.37433 0.37433 0 -1.08048 3
0.420491 0.420491 0 -0.757767 3
0.420491 0.420491 0 -1.05589 3
0.605136 0.605136 0 -0.570289 3
0.78978 0.78978 0 0.41013 3
-0.179604 -0.179604 0 -0.923731 3
0.328169 0.328169 0 -1.10506 3
-1.4952 -1.4952 0 0.0474676 1
-1.24131 -1.24131 0 -0.883777 1
0.39741 0.39741 0 -0.896071 3
0.605136 0.605136 0 0.311781 3
-1.58752 -1.58752 0 -0.183039 1
-1.33363 -1.33363 0 0.0474676 2
-3.78018 -3.78018 0 2.14661 0
-3.13392 -3.13392 0 0.554581 0
0.420491 0.420491 0 -0.908364 3
0.282007 0.282007 0 -0.899144 3
1.11291 1.11291 0 0.539214 4
0.7667 0.7667 0 -0.140011 3
0.282007 0.282007 0 -1.10814 3
0.305088 0.305088 0 -0.923731 3
0.489733 0.489733 0 -0.459646 3
0.743619 0.743619 0 0.170404 3
-2.99544 -2.99544 0 -0.358223 0
-1.88757 -1.88757 0 -0.475013 1
1.06675 1.06675 0 0.342515 4
0.558974 0.558974 0 0.631416 3
-0.202685 -0.202685 0 0.0105866 2
0.212766 0.212766 0 0.920317 3
0.628216 0.628216 0 0.818895 3
0.143524 0.143524 0 -0.450426 3
0.466652 0.466652 0 0.302561 3
0.535894 0.535894 0 0.317928 3
-0.664296 -0.664296 0 0.560728 1
0.212766 0.212766 0 0.296414 3
0.189685 0.189685 0 0.434718 3
0.420491 0.420491 0 -0.367443 3
1.38988 1.38988 0 0.600682 4
0.37433 0.37433 0 0.0812751 3
0.582055 0.582055 0 0.25646 3
0.651297 0.651297 0 0.78816 3
1.13599 1.13599 0 1.64872 3
-0.341168 -0.341168 0 -0.36437 2
-1.37979 -1.37979 0 -0.379737 1
1.34371 1.34371 0 0.533067 4
1.06675 1.06675 0 0.987932 3
1.18215 1.18215 0 1.52271 3
-0.364249 -0.364249 0 -0.462719 2
1.13599 1.13599 0 1.60569 3
0.78978 0.78978 0 0.41013 3
0.905183 0.905183 0 0.514627 3
0.7667 0.7667 0 0.656004 3
0.651297 0.651297 0 0.745133 3
0.235846 0.235846 0 2.4601 2
0.743619 0.743619 0 1.13853 3
0.166605 0.166605 0 -0.201479 3
0.835941 0.835941 0 -0.210699 4
-0.779699 -0.779699 0 -0.253727 2
-0.202685 -0.202685 0 -0.312122 2
0.235846 0.235846 0 -0.896071 3
0.951344 0.951344 0 0.065908 4
0.835941 0.835941 0 0.305634 3
0.143524 0.143524 0 0.431644 3
0.282007 0.282007 0 1.00023 3
0.78978 0.78978 0 0.216505 3
0.628216 0.628216 0 1.39977 3
0.835941 0.835941 0 0.649857 3
0.512813 0.512813 0 1.14468 3
-0.710458 -0.710458 0 -0.367443 2
0.39741 0.39741 0 0.15811 3
-0.825861 -0.825861 0 -1.10506 2
-0.848941 -0.848941 0 -0.871483 2
-0.479652 -0.479652 0 -0.266021 2
-2.16453 -2.16453 0 -0.948319 0
-0.0872819 -0.0872819 0 -0.573362 3
0.120443 0.120443 0 0.354809 3
0.166605 0.166605 0 0.702105 3
0.120443 0.120443 0 -0.140011 3
0.535894 0.535894 0 -0.0908361 3
0.905183 0.905183 0 1.48275 3
-1.03359 -1.03359 0 0.686738 1
-0.779699 -0.779699 0 -0.398178 2
0.651297 0.651297 0 0.529994 3
0.512813 0.512813 0 -0.10313 3
0.0742822 0.0742822 0 0.0290271 3
0.166605 0.166605 0 -0.0723956 3
1.36679 1.36679 0 0.373249 4
1.06675 1.06675 0 0.944905 3
0.351249 0.351249 0 0.585315 3
0.720538 0.720538 0 0.65293 3
-0.341168 -0.341168 0 1.42128 1
0.951344 0.951344 0 0.732839 3
0.37433 0.37433 0 1.22151 3
1.06675 1.06675 0 0.815821 3
0.997505 0.997505 0 1.53193 3
-1.40288 -1.40288 0 -0.518041 1
1.45912 1.45912 0 0.379396 4
1.02059 1.02059 0 1.26454 3
-0.364249 -0.364249 0 -0.591803 2
0.997505 0.997505 0 0.499259 3
0.489733 0.489733 0 -0.158451 3
0.78978 0.78978 0 0.302561 3
0.535894 0.535894 0 0.425498 3
-0.825861 -0.825861 0 -0.330562 2
1.02059 1.02059 0 0.834262 3
-0.595055 -0.595055 0 -0.284461 2
0.443572 0.443572 0 -0.183039 3
-0.571974 -0.571974 0 -1.00364 2
0.859022 0.859022 0 -0.349003 4
-2.37226 -2.37226 0 -0.840749 0
1.45912 1.45912 0 0.917244 4
1.13599 1.13599 0 0.0997156 4
-0.0411207 -0.0411207 0 0.0966422 3
1.11291 1.11291 0 1.03403 3
-2.30302 -2.30302 0 0.413204 0
0.028121 0.028121 0 -0.210699 3
-0.225765 -0.225765 0 -0.604096 3
0.558974 0.558974 0 -0.702446 3
0.489733 0.489733 0 -0.86841 3
0.859022 0.859022 0 0.296414 3
0.39741 0.39741 0 -0.0785424 3
0.282007 0.282007 0 -0.0109273 3
-2.39534 -2.39534 0 0.591462 0
0.743619 0.743619 0 -0.00170707 3
1.11291 1.11291 0 1.67945 3
-0.179604 -0.179604 0 -0.536481 3
0.212766 0.212766 0 0.403984 3
-1.65676 -1.65676 0 0.0259537 1
-0.479652 -0.479652 0 -0.923731 2
1.08983 1.08983 0 0.182698 4
0.212766 0.212766 0 -0.305975 3
0.235846 0.235846 0 -1.04667 3
0.0973628 0.0973628 0 -0.367443 3
-0.0642013 -0.0642013 0 -1.03437 3
1.34371 1.34371 0 0.188845 4
0.974425 0.974425 0 2.29413 3
-0.110362 -0.110362 0 0.360956 2
-0.641216 -0.641216 0 -0.438132 2
-1.6106 -1.6106 0 -0.653271 0
1.04367 1.04367 0 -0.22914 4
0.720538 0.720538 0 -0.810015 4
-0.80278 -0.80278 0 -0.416618 2
0.512813 0.512813 0 -0.920658 3
-1.88757 -1.88757 0 0.0413207 1
-1.01051 -1.01051 0 -0.957539 1
0.39741 0.39741 0 -1.11121 3
-0.179604 -0.179604 0 -0.739327 3
0.558974 0.558974 0 0.0935688 3
0.212766 0.212766 0 -0.305975 3
1.57452 1.57452 0 0.720545 4
-0.41041 -0.41041 0 -0.766987 2
0.628216 0.628216 0 0.431644 3
0.928264 0.928264 0 -0.269094 4
0.697458 0.697458 0 -0.284461 3
-0.895102 -0.895102 0 -0.207626 1
0.78978 0.78978 0 0.991006 3
0.166605 0.166605 0 0.680591 3
0.859022 0.859022 0 -0.757767 4
1.18215 1.18215 0 1.09243 3
0.582055 0.582055 0 -0.73318 3
0.628216 0.628216 0 -0.85919 3
1.57452 1.57452 0 1.00023 4
0.7667 0.7667 0 0.0105866 3
-0.779699 -0.779699 0 -0.834602 2
0.420491 0.420491 0 0.0413207 3
-1.28747 -1.28747 0 1.33523 2
0.905183 0.905183 0 0.0413207 3
0.282007 0.282007 0 -0.333636 3
0.120443 0.120443 0 0.204212 3
-0.110362 -0.110362 0 0.0382473 2
0.39741 0.39741 0 0.222652 3
1.04367 1.04367 0 0.911097 3
0.328169 0.328169 0 -0.136937 3
-0.179604 -0.179604 0 0.711325 2
0.120443 0.120443 0 0.118156 3
0.351249 0.351249 0 -0.533408 3
0.697458 0.697458 0 -0.11235 3
-0.848941 -0.848941 0 -0.312122 1
-1.65676 -1.65676 0 -0.763914 0
-3.18008 -3.18008 0 0.772793 0
1.38988 1.38988 0 0.127376 4
0.720538 0.720538 0 -0.896071 4
1.04367 1.04367 0 -0.61639 4
0.974425 0.974425 0 -0.739327 4
1.62068 1.62068 0 0.745133 4
1.55144 1.55144 0 0.579168 4
0.812861 0.812861 0 -1.04052 4
0.951344 0.951344 0 -0.687078 4
0.951344 0.951344 0 -0.687078 4
0.743619 0.743619 0 -1.1235 4
0.951344 0.951344 0 -0.601023 4
1.34371 1.34371 0 0.317928 4
0.812861 0.812861 0 -0.803868 4
0.582055 0.582055 0 -0.951392 4
1.13599 1.13599 0 -0.0078539 4
0.651297 0.651297 0 -1.04052 4
0.78978 0.78978 0 -0.601023 4
0.835941 0.835941 0 -0.38281 4
0.558974 0.558974 0 -1.06818 3
0.743619 0.743619 0 0.944905 3
0.882103 0.882103 0 1.12624 3
0.605136 0.605136 0 0.505406 3
0.0973628 0.0973628 0 -1.12043 3
1.02059 1.02059 0 0.468525 3
0.466652 0.466652 0 0.947978 3
0.697458 0.697458 0 -0.88685 4
-0.225765 -0.225765 0 -0.431985 2
0.651297 0.651297 0 0.0351739 3
0.0973628 0.0973628 0 -0.0262944 3
0.558974 0.558974 0 -0.594876 3
0.328169 0.328169 0 1.23995 3
-1.10283 -1.10283 0 -0.791575 1
-0.456571 -0.456571 0 -0.591803 3
0.0512016 0.0512016 0 0.576095 2
0.974425 0.974425 0 0.142743 4
-0.364249 -0.364249 0 -0.183039 2
-0.872022 -0.872022 0 -0.0447349 1
-0.364249 -0.364249 0 -0.204552 2
0.235846 0.235846 0 -0.896071 3
0.651297 0.651297 0 -0.653271 3
0.466652 0.466652 0 0.0443941 3
1.11291 1.11291 0 0.13045 4
0.835941 0.835941 0 0.520773 3
0.835941 0.835941 0 -0.167671 3
0.466652 0.466652 0 0.474672 3
0.0512016 0.0512016 0 0.2749 3
0.512813 0.512813 0 -0.748547 3
0.282007 0.282007 0 -0.441205 3
0.328169 0.328169 0 -0.0293678 3
0.928264 0.928264 0 -0.140011 4
1.20523 1.20523 0 0.459305 4
1.15907 1.15907 0 -0.232213 4
-0.964344 -0.964344 0 -1.05281 2
-0.0872819 -0.0872819 0 -0.939098 3
0.189685 0.189685 0 0.327148 3
-0.271927 -0.271927 0 0.468525 2
-0.0411207 -0.0411207 0 0.333295 2
0.512813 0.512813 0 -0.318269 3
-0.133443 -0.133443 0 0.198065 2
0.835941 0.835941 0 0.499259 3
0.928264 0.928264 0 -0.24758 4
0.328169 0.328169 0 0.207285 3
0.420491 0.420491 0 0.579168 3
-1.74908 -1.74908 0 0.268753 1
0.697458 0.697458 0 0.145817 3
0.928264 0.928264 0 1.02174 3
-1.37979 -1.37979 0 0.136597 2
0.235846 0.235846 0 -0.723959 3
-0.179604 -0.179604 0 -0.0631754 2
-0.41041 -0.41041 0 -0.358223 2
-0.779699 -0.779699 0 -0.684005 2
0.37433 0.37433 0 0.231872 3
0.651297 0.651297 0 0.0782017 3
0.697458 0.697458 0 -0.865337 4
0.189685 0.189685 0 -0.38281 3
1.25139 1.25139 0 1.1078 4
1.11291 1.11291 0 0.603756 4
0.328169 0.328169 0 1.1539 3
0.0512016 0.0512016 0 -0.948319 3
0.466652 0.466652 0 0.431644 3
0.282007 0.282007 0 0.91417 3
1.20523 1.20523 0 0.330222 4
0.328169 0.328169 0 -0.782354 3
0.78978 0.78978 0 0.216505 3
0.512813 0.512813 0 0.155037 3
0.743619 0.743619 0 -0.173818 3
0.882103 0.882103 0 0.588388 3
0.558974 0.558974 0 0.738986 3
0.928264 0.928264 0 0.268753 3
-1.56444 -1.56444 0 -0.521114 0
0.651297 0.651297 0 1.28298 3
0.928264 0.928264 0 1.04325 3
0.235846 0.235846 0 0.609902 3
0.235846 0.235846 0 0.00751317 3
1.34371 1.34371 0 0.38247 4
0.605136 0.605136 0 -0.699372 3
-0.0872819 -0.0872819 0 -0.207626 3
0.651297 0.651297 0 0.336369 3
0.282007 0.282007 0 1.47353 2
0.558974 0.558974 0 0.373249 3
-4.9342 -4.9342 0 11.2808 1
1.15907 1.15907 0 0.456232 4
0.143524 0.143524 0 0.582242 3
0.466652 0.466652 0 -0.911438 3
-1.05667 -1.05667 0 -0.422765 1
0.697458 0.697458 0 0.2749 3
-3.18008 -3.18008 0 1.41821 0
0.743619 0.743619 0 -1.05589 4
0.189685 0.189685 0 -0.0969829 3
0.974425 0.974425 0 -0.352076 4
1.06675 1.06675 0 -0.216846 4
1.29755 1.29755 0 0.40091 4
0.697458 0.697458 0 -0.88685 4
1.06675 1.06675 0 -0.023221 4
1.02059 1.02059 0 0.0382473 4
0.974425 0.974425 0 -0.0508817 4
1.15907 1.15907 0 0.39169 4
-0.618135 -0.618135 0 1.1078 3
0.0742822 0.0742822 0 -0.896071 3
0.00504044 0.00504044 0 -1.09584 3
-0.225765 -0.225765 0 -0.198406 3
0.028121 0.028121 0 -1.09277 3
1.34371 1.34371 0 -0.951392 5
-0.225765 -0.225765 0 -0.521114 3
0.0973628 0.0973628 0 -0.693225 3
0.189685 0.189685 0 -0.226066 3
-1.81833 -1.81833 0 -0.619463 1
-3.73401 -3.73401 0 2.59533 0
-0.664296 -0.664296 0 -0.889924 2
-1.40288 -1.40288 0 0.127376 2
-0.433491 -0.433491 0 -0.345929 3
0.328169 0.328169 0 -1.09584 3
-2.25686 -2.25686 0 2.62606 1
-1.10283 -1.10283 0 1.15082 2
-0.548894 -0.548894 0 0.231872 3
1.25139 1.25139 0 -1.02208 5
-1.74908 -1.74908 0 0.91417 1
-1.67984 -1.67984 0 -1.01286 0
-0.756619 -0.756619 0 0.794307 3
-3.64169 -3.64169 0 4.7836 0
-2.37226 -2.37226 0 2.49391 1
-3.08776 -3.08776 0 1.86386 0
-2.57998 -2.57998 0 2.00216 1
-0.848941 -0.848941 0 -0.533408 2
-1.97989 -1.97989 0 0.176551 1
-0.248846 -0.248846 0 0.222652 3
-0.0642013 -0.0642013 0 -0.800795 3
-2.90311 -2.90311 0 2.45395 0
-1.40288 -1.40288 0 0.901877 2
0.258927 0.258927 0 -0.023221 3
0.466652 0.466652 0 -0.674785 4
-2.04913 -2.04913 0 1.03096 1
0.720538 0.720538 0 -0.831529 4
-2.27994 -2.27994 0 1.39055 1
-0.318088 -0.318088 0 -0.954466 3
-1.63368 -1.63368 0 0.78816 2
-0.341168 -0.341168 0 -1.07433 3
-1.65676 -1.65676 0 0.972565 2
-1.74908 -1.74908 0 -0.548775 1
-1.44904 -1.44904 0 0.560728 2
0.120443 0.120443 0 -1.04974 3
-0.687377 -0.687377 0 0.456232 3
-0.341168 -0.341168 0 -0.696299 3
-1.44904 -1.44904 0 1.18463 2
-3.38781 -3.38781 0 5.12167 1
-1.44904 -1.44904 0 1.65794 2
-0.848941 -0.848941 0 0.176551 2
-0.387329 -0.387329 0 -0.60717 3
0.558974 0.558974 0 0.738986 3
-1.6106 -1.6106 0 1.05555 2
-3.8725 -3.8725 0 0.13045 0
-0.687377 -0.687377 0 -0.597949 2
-0.641216 -0.641216 0 -0.493453 2
0.258927 0.258927 0 -1.03745 3
-1.84141 -1.84141 0 2.27569 2
-1.33363 -1.33363 0 0.499259 2
-1.31055 -1.31055 0 0.185771 2
-0.779699 -0.779699 0 -0.398178 2
0.305088 0.305088 0 -0.428912 3
-4.28795 -4.28795 0 4.20272 0
-0.271927 -0.271927 0 -1.01286 3
0.0742822 0.0742822 0 -0.0570285 3
-0.179604 -0.179604 0 -0.0078539 3
-0.433491 -0.433491 0 -0.736253 2
-0.618135 -0.618135 0 0.333295 3
-0.248846 -0.248846 0 -1.04667 3
-0.364249 -0.364249 0 0.00443976 3
-0.341168 -0.341168 0 -0.954466 3
-1.726 -1.726 0 -0.972906 0
-2.57998 -2.57998 0 1.93762 1
-0.0411207 -0.0411207 0 -0.942172 3
-0.687377 -0.687377 0 -0.167671 3
-0.595055 -0.595055 0 -0.668638 2
-2.67231 -2.67231 0 1.79317 0
-0.248846 -0.248846 0 0.244166 3
-0.456571 -0.456571 0 -0.892997 3
1.13599 1.13599 0 -0.997493 4
0.512813 0.512813 0 -0.597949 3
-1.12591 -1.12591 0 -0.106203 2
-0.225765 -0.225765 0 -0.714739 3
-0.687377 -0.687377 0 -0.339783 2
-1.93373 -1.93373 0 -0.179965 0
-0.0642013 -0.0642013 0 -0.582582 3
-3.8725 -3.8725 0 1.4428 0
-0.525813 -0.525813 0 -0.834602 2
-1.31055 -1.31055 0 -0.459646 1
0.535894 0.535894 0 -0.370517 3
-0.202685 -0.202685 0 -0.806942 3
1.32063 1.32063 0 -0.10313 4
0.951344 0.951344 0 0.947978 3
-0.0642013 -0.0642013 0 -0.324416 3
-1.65676 -1.65676 0 -0.871483 0
0.00504044 0.00504044 0 0.89573 2
-0.456571 -0.456571 0 -0.24758 3
-2.30302 -2.30302 0 0.112009 0
-0.0411207 -0.0411207 0 -0.296755 3
-0.502732 -0.502732 0 1.21844 3
-0.502732 -0.502732 0 0.142743 3
-1.54136 -1.54136 0 -0.358223 1
-0.156524 -0.156524 0 -0.567215 3
-3.8725 -3.8725 0 0.991006 0
0.258927 0.258927 0 -0.0262944 4
-0.918183 -0.918183 0 0.901877 3
-0.0411207 -0.0411207 0 -0.554922 3
-0.179604 -0.179604 0 -0.674785 3
0.0973628 0.0973628 0 -0.929878 3
-2.3261 -2.3261 0 1.37211 1
-0.618135 -0.618135 0 -0.161525 3
0.00504044 0.00504044 0 -0.213773 3
-1.67984 -1.67984 0 -0.60717 1
-0.271927 -0.271927 0 0.0628346 3
-0.0872819 -0.0872819 0 -0.143084 3
-1.91065 -1.91065 0 3.58189 2
0.535894 0.535894 0 -0.60717 3
-0.0180401 -0.0180401 0 -0.954466 3
-0.341168 -0.341168 0 0.637563 3
0.328169 0.328169 0 -0.717813 3
0.282007 0.282007 0 -0.87763 3
-0.318088 -0.318088 0 0.302561 3
-0.779699 -0.779699 0 0.742059 3
-0.641216 -0.641216 0 -0.85919 2
-0.525813 -0.525813 0 0.972565 3
-0.271927 -0.271927 0 -0.109277 3
-0.387329 -0.387329 0 -0.155378 3
-0.895102 -0.895102 0 -0.745473 2
-0.664296 -0.664296 0 0.637563 3
-0.387329 -0.387329 0 -0.883777 2
-0.664296 -0.664296 0 -1.11736 2
-0.502732 -0.502732 0 -0.536481 2
-1.14899 -1.14899 0 1.19692 2
-1.51828 -1.51828 0 -0.650198 1
-0.525813 -0.525813 0 0.0904954 3
-2.81079 -2.81079 0 0.748206 0
-2.74155 -2.74155 0 1.42128 0
-2.94927 -2.94927 0 2.02675 0
-2.67231 -2.67231 0 1.04018 0
-3.73401 -3.73401 0 4.4025 0
-2.85695 -2.85695 0 2.30028 0
-3.68785 -3.68785 0 2.69982 0
